41
0.0264417
0.0253798
0.0262763
0.0283531
0.0287963
0.0257116
0.023218
0.0269341
0.0239342
0.0263304
0.0240681
0.0246718
0.0254827
0.0248957
0.0236084
0.0240164
0.0222842
0.0247911
0.0240896
0.0251187
0.0238412
0.0240147
0.0238998
0.0251971
0.0276063
0.0248055
0.0255629
0.0252668
0.0259448
0.0240046
0.0260654
0.0243637
0.0256742
0.0229467
0.0241646
0.024299
0.0245096
0.0238312
0.0236757
0.0242588
0.027377
-158 -1 0.486782 1 161997
169 -1 0.487313 1 146004
-2349 1 0.486865 1 90855
89 1 0.485827 1 103633
-6 -1 0.485606 1 149691
14 -1 0.487147 1 32388
-46 1 0.488393 1 3567
-55 -1 0.486536 1 161271
917 -1 0.488035 1 151449
1252 1 0.486838 2 2697
1 -1 0.487968 1 159868
-159 -1 0.487667 2 12614
3 1 0.487261 1 15727
-3 1 0.487555 1 159307
8 -1 0.488198 1 38291
76 1 0.487994 1 84810
-587 1 0.48886 2 142331
-1 -1 0.487607 1 147926
19 -1 0.487958 1 142517
-473 1 0.487443 1 141845
-3 1 0.488082 1 149484
-16 -1 0.487995 1 152545
-118 1 0.488052 1 151258
-1566 -1 0.487404 1 142207
-38 -1 0.4862 1 89207
-289 1 0.4876 1 85684
11 1 0.487221 1 110348
193 -1 0.487369 2 34142
811 1 0.487031 1 69468
2601 -1 0.488 1 115806
9670 1 0.48697 1 114990
9318 -1 0.487821 1 117944
-181 -1 0.487166 1 143494
-6 1 0.488529 1 98845
4 1 0.48792 1 162303
-10 1 0.487853 1 162210
112 1 0.487748 1 159545
-1788 1 0.488087 2 80575
-136 -1 0.488164 1 155761
-11 1 0.487873 1 153789
48 1 0.486315 1 104724
