41
0.0220912
0.0222203
0.023942
0.0206775
0.0218575
0.0229724
0.0213873
0.0217866
0.0231608
0.0217281
0.0213014
0.0208705
0.0216226
0.0229041
0.0228855
0.0222546
0.0216458
0.0214581
0.0205246
0.021736
0.0218015
0.0218945
0.0224168
0.0208858
0.0185095
0.0200285
0.0202243
0.0222677
0.0195677
0.020266
0.0189272
0.0202995
0.0189055
0.0179763
0.018315
0.0203146
0.018053
0.0205851
0.0204797
0.0191407
0.0187113
-37 -1 0.488956 1 153650
-62 -1 0.488892 2 144168
574 -1 0.488031 1 34157
20 1 0.489663 1 74232
-19 1 0.489073 1 9827
318 -1 0.488516 1 9123
52 1 0.489308 1 154106
181 1 0.489108 3 27231
-29 -1 0.488422 1 32135
-19 1 0.489138 1 28250
55 1 0.489351 1 151799
24 -1 0.489566 1 37762
737 1 0.48919 1 119870
370 -1 0.48855 1 124173
55 -1 0.488559 1 141609
-240 -1 0.488875 2 146541
3 1 0.489179 1 144032
617 -1 0.489273 1 79721
314 1 0.489739 4 105567
-833 1 0.489134 1 19316
-155 -1 0.489101 2 83021
-11 1 0.489055 1 84000
13 1 0.488793 1 113686
55 -1 0.489559 1 111452
1 -1 0.490746 1 74388
106 -1 0.489987 1 102814
-6 -1 0.489889 2 152046
-66 -1 0.488868 1 159185
1957 1 0.490217 2 140445
-19 1 0.489868 1 42290
-55 1 0.490538 1 77707
2 -1 0.489852 1 40991
-58 1 0.490548 1 7564
-91 -1 0.491013 1 10041
2046 -1 0.490844 9 121537
-1 -1 0.489844 1 160312
-92 1 0.490974 1 37951
50 1 0.489709 1 36381
294 -1 0.489762 1 74306
774 1 0.490431 1 120783
5300 -1 0.490645 1 56784
