51
0.0172641
0.0171127
0.0166123
0.0170616
0.0175284
0.0196366
0.0188194
0.0176542
0.0179114
0.0168741
0.016096
0.0164251
0.0158644
0.0151346
0.0159068
0.0164943
0.0162161
0.0155423
0.0147155
0.0147361
0.0150919
0.015012
0.0143493
0.0157752
0.0164422
0.0157354
0.0153916
0.0151979
0.0155114
0.0153686
0.016492
0.0154592
0.016043
0.0149039
0.0144626
0.0156114
0.0152487
0.0149021
0.0157066
0.014735
0.0167079
0.0146894
0.0152868
0.0143716
0.0157148
0.014619
0.0155878
0.0147437
0.0160155
0.014068
0.0135543
136 1 0.491369 1 109037
-9 1 0.491444 1 161260
35 1 0.491695 1 159148
-72 -1 0.49147 1 39857
-9 -1 0.491237 1 20965
-180 1 0.490183 5 25514
-101 1 0.490591 1 142261
947 1 0.491174 6 150941
-13 1 0.491045 1 161611
-80 1 0.491564 1 21205
6 1 0.491953 1 157769
-8 1 0.491788 1 14573
-4 1 0.492068 1 147297
18 1 0.492433 1 156668
173 -1 0.492047 1 154535
1416 -1 0.491754 1 100738
8 1 0.491893 1 103350
23 -1 0.492229 1 98924
-364 -1 0.492643 1 85761
-10 -1 0.492632 1 160348
48 1 0.492455 1 84170
-27 1 0.492495 1 161115
350 1 0.492826 1 122644
-67 1 0.492113 1 41876
89 -1 0.49178 1 120768
-30 -1 0.492133 1 159939
-7 -1 0.492305 1 158677
-361 -1 0.492402 1 154830
18 1 0.492245 1 9511
335 -1 0.492316 1 2805
207 1 0.491755 1 9266
17 -1 0.492271 1 12855
167 -1 0.491979 1 2764
487 1 0.492549 1 2644
540 -1 0.492769 2 9191
85 1 0.492195 1 106851
69 1 0.492376 1 112785
452 -1 0.49255 2 81509
13 -1 0.492147 1 112791
-140 -1 0.492633 1 18317
0 1 0.491647 1 20918
-15 1 0.492656 1 149385
-11 -1 0.492357 1 147967
50 1 0.492815 1 102696
98 -1 0.492143 1 154305
-1731 1 0.492691 2 141827
-245 -1 0.492207 1 148754
-215 1 0.492629 1 86134
26 -1 0.491993 1 102324
-4 1 0.492966 1 161073
-35 -1 0.493223 2 159160
