31
0.0277315
0.0305198
0.0305735
0.0264281
0.0250727
0.0264001
0.0234399
0.0266841
0.0246703
0.0255989
0.025355
0.0254221
0.0236279
0.0257018
0.0279743
0.02417
0.0251901
0.0242102
0.0242235
0.0219041
0.0280196
0.0245601
0.0259616
0.0257265
0.0252308
0.0241964
0.0251724
0.0242106
0.0232738
0.0232997
0.0236312
686 1 0.486138 1 105609
-21 1 0.484745 1 144130
261 1 0.484718 1 130997
7 1 0.486789 1 161954
-27 -1 0.487466 1 153656
1323 -1 0.486803 1 92146
485 -1 0.488282 1 65323
13 1 0.486661 1 104802
811 1 0.487667 1 69468
538 -1 0.487203 1 134919
127 1 0.487325 1 107978
22 -1 0.487292 1 154064
-14 1 0.488188 2 153789
-835 -1 0.487152 4 17411
-12 1 0.486017 1 98852
59 1 0.487917 1 158552
-35 -1 0.487408 1 156603
-430 1 0.487897 1 6295
2 1 0.487891 1 150169
299 -1 0.48905 1 75218
-220 -1 0.485994 1 96544
-205 1 0.487722 1 148637
2060 1 0.487022 1 47812
15771 -1 0.48714 13 117027
-1 -1 0.487387 1 156554
-763 -1 0.487904 1 148504
2097 -1 0.487416 3 144193
7 -1 0.487897 1 160837
982 1 0.488365 1 2526
1 1 0.488352 1 148057
-5 1 0.488187 1 150051
