71
0.021259
0.0208494
0.0203994
0.0256183
0.0203508
0.0229037
0.0220102
0.020414
0.0217259
0.0212282
0.0237331
0.0235714
0.0205736
0.0242094
0.0205023
0.0222178
0.02028
0.0199765
0.0216
0.0229335
0.0196437
0.0202106
0.0191536
0.0217499
0.0195298
0.0187629
0.0203669
0.0196281
0.0209319
0.0214618
0.0212726
0.019287
0.0213647
0.0200963
0.021572
0.0190834
0.0197
0.0190908
0.0191659
0.0218349
0.0212202
0.019057
0.0203405
0.0185661
0.0194014
0.0192989
0.0186398
0.0191719
0.0200372
0.0195671
0.0213404
0.0204037
0.0188712
0.0232496
0.0195913
0.019349
0.0195115
0.0197899
0.0207166
0.0192494
0.0194629
0.0189778
0.0194484
0.0204703
0.020415
0.018158
0.0179436
0.0183157
0.0204644
0.0184102
0.0181657
-9 -1 0.489372 1 156817
0 -1 0.489577 1 153032
9318 -1 0.489802 1 50925
4515 1 0.487194 1 55371
-602 1 0.489826 2 73805
48 -1 0.48855 1 79682
14 1 0.488997 1 107476
-53 -1 0.489794 1 154634
-36 1 0.489139 1 157556
28 -1 0.489388 1 152928
36 1 0.488136 1 153700
-393 -1 0.488216 1 152205
198 1 0.489715 1 22131
212 -1 0.487898 1 34010
-31 1 0.48975 1 144133
-184 -1 0.488893 1 23374
-99 1 0.489861 1 12990
11 1 0.490013 1 160857
439 -1 0.489202 1 94807
-4 -1 0.488535 1 160467
-2 1 0.490179 1 161690
35 1 0.489896 1 162213
81 -1 0.490424 1 142812
7 1 0.489127 1 160020
8 1 0.490236 1 2472
-44 -1 0.49062 1 1201
-24 -1 0.489818 1 151537
148 -1 0.490187 1 142670
-17 1 0.489536 1 2137
-180 -1 0.489271 1 155865
-118 1 0.489365 2 151220
17 1 0.490358 1 149182
307 -1 0.489319 1 148654
-285 -1 0.489953 1 20189
-27 1 0.489216 1 41483
26 1 0.490459 1 155902
-21 1 0.490151 1 141612
-2 -1 0.490456 1 147926
-26 1 0.490418 1 155673
-1069 -1 0.489084 1 145646
942 -1 0.489391 1 100815
-124 -1 0.490473 1 87218
-441 1 0.489831 3 910
-245 -1 0.490718 4 32543
39 -1 0.490301 1 155470
175 -1 0.490352 2 158060
3 1 0.490681 1 160140
9 1 0.490415 1 161462
-33 -1 0.489983 1 162006
71 -1 0.490218 1 71115
11 1 0.489331 1 157702
-15 -1 0.4898 1 41993
21 1 0.490566 1 151919
-77 1 0.488377 1 37951
-5 1 0.490206 1 154231
-12 1 0.490327 1 153399
-13 1 0.490245 1 161611
-8 -1 0.490106 1 148736
36 -1 0.489643 1 161802
-643 -1 0.490376 1 152140
-466 1 0.49027 5 145668
143 -1 0.490512 1 142958
36 1 0.490277 1 80076
3 1 0.489766 1 98278
-277 1 0.489794 1 39227
-35 -1 0.490922 1 146916
366 -1 0.491029 1 72501
-1532 1 0.490843 3 77786
-22 -1 0.489769 1 158756
-38 -1 0.490796 1 28121
665 -1 0.490918 1 134319
