61
0.0233213
0.0232641
0.022871
0.0219603
0.023389
0.021583
0.0217911
0.0235796
0.0236346
0.022563
0.0216611
0.0254957
0.0220101
0.0228725
0.0208107
0.0250351
0.0248612
0.0233367
0.0245457
0.0205851
0.0233162
0.0201558
0.0223977
0.0230963
0.0202809
0.0216315
0.0224564
0.0224851
0.01936
0.0216827
0.020382
0.0209563
0.0225473
0.0237161
0.0205833
0.0213369
0.0222323
0.0202459
0.0214983
0.0233755
0.0211935
0.0207669
0.0208759
0.0205236
0.0206777
0.0210473
0.0208795
0.0209986
0.0201387
0.0199593
0.020583
0.020469
0.0200937
0.0204077
0.0212997
0.0228381
0.020991
0.0194926
0.021774
0.021447
0.0194584
4 1 0.488341 1 152321
10 -1 0.48837 1 153312
-86 -1 0.488567 1 42686
380 -1 0.489022 1 142427
1 1 0.488308 1 151401
-13 -1 0.48921 1 148483
-248 -1 0.489106 3 32543
-745 1 0.488212 1 4097
-232 -1 0.488185 1 76230
-18 1 0.48872 1 85300
-4 1 0.489171 1 21098
-81 -1 0.487255 1 80700
-9 -1 0.488997 1 111118
0 -1 0.488566 1 162046
750 -1 0.489596 1 118987
-174 1 0.487485 1 73267
-73 1 0.487572 1 161625
163 1 0.488334 3 37246
-1587 -1 0.48773 11 3674
60 1 0.489709 1 8291
-32 1 0.488344 1 5484
-186 -1 0.489923 1 12613
-437 1 0.488803 1 6295
374 1 0.488454 1 145071
-38 1 0.489861 1 146457
-4 -1 0.489186 1 160467
1416 -1 0.488774 1 100738
11 1 0.488759 1 104832
63 -1 0.490321 1 144776
76 -1 0.48916 1 151555
1109 1 0.48981 1 145941
8 -1 0.489523 1 32520
34 -1 0.488728 1 155826
132 1 0.488144 1 107841
-654 1 0.48971 2 156028
-9 -1 0.489333 1 157804
-6 -1 0.488886 1 35184
495 -1 0.489878 1 102610
270 1 0.489253 1 103534
68 1 0.488314 1 36320
54 -1 0.489405 1 157809
-49 -1 0.489618 1 37660
565 1 0.489564 1 2231
-9 1 0.48974 1 98404
-799 -1 0.489663 1 17410
-55 1 0.489478 1 3258
-21 1 0.489562 1 5481
-1 -1 0.489502 1 161648
567 -1 0.489932 2 72465
637 1 0.490022 6 73691
-114 1 0.48971 1 157511
-25 -1 0.489767 1 161268
116 -1 0.489954 1 20700
179 1 0.489798 1 12571
2 -1 0.489352 1 40092
-2 -1 0.488583 1 160799
15 1 0.489506 1 161546
-645 -1 0.490255 2 80465
-41 -1 0.489115 1 149264
-66 1 0.489278 1 157212
33 -1 0.490272 1 105743
