40
0.755675
0.612622
0.60645
0.569681
0.524885
0.481704
0.465439
0.486238
0.424688
0.446398
0.429861
0.408348
0.403678
0.381434
0.396953
0.363614
0.400307
0.421401
0.403176
0.409959
0.360557
0.326179
0.360939
0.400436
0.33792
0.379593
0.327531
0.357859
0.327697
0.358114
0.34004
0.380674
0.323108
0.392288
0.325491
0.325577
0.332845
0.382327
0.364447
0.347959
-85 -1 0.180739 1 14868
-127 -1 0.227015 1 141637
-184 -1 0.229188 1 89907
-13 -1 0.242437 1 28083
-83 -1 0.259269 1 162015
-11 -1 0.276196 1 33516
13041 1 0.282747 6 114995
5 1 0.274387 1 29676
-125 -1 0.299564 1 83854
42 1 0.290533 1 143124
-2 -1 0.297398 1 113094
-52 -1 0.306465 1 1539
-47 -1 0.308454 1 71412
7 1 0.318024 1 98107
8 1 0.31133 1 86790
142 -1 0.325803 1 52421
6 -1 0.309894 1 98586
49 1 0.300945 1 73328
133 1 0.308668 1 107500
-68 -1 0.305781 1 159317
-1 1 0.327148 1 113984
12 1 0.342458 1 3384
-585 -1 0.326979 1 86193
-36 -1 0.309839 1 107425
2 1 0.337191 1 30682
25 1 0.318823 1 107615
-9 -1 0.34185 1 38724
88 1 0.328337 1 17904
-3 -1 0.341775 1 141600
545 -1 0.328224 1 153381
-8 -1 0.336243 1 3456
-20 -1 0.318354 1 93456
140 1 0.343843 1 30108
445 1 0.313334 1 142555
7 1 0.342768 1 43197
-316 -1 0.34273 1 21055
-39 1 0.339463 1 23466
-121 -1 0.317637 1 141696
-754 1 0.325437 1 154635
190 1 0.332718 1 71784
