20
1.15682
1.29577
1.06456
1.16271
1.1115
1.27119
1.09928
1.21602
1.09445
1.0431
1.08362
1.22455
1.1115
1.41801
1.33943
1.28095
1.25892
1.35152
1.30213
1.3485
344 1 0.09 1 72661
-124 -1 0.0696843 8 36501
47 1 0.106299 1 152615
-1 1 0.0890402 1 155742
9 1 0.0977047 1 41357
39 1 0.0729398 2 72840
-6 -1 0.0998796 1 15000
-120 -1 0.0807618 7 8876
44 1 0.100752 4 159648
390 -1 0.110446 5 60900
-3 -1 0.102731 1 1296
5 1 0.0795041 1 41757
1 1 0.0977041 1 153088
43 1 0.055408 1 28974
-8 -1 0.0642325 1 556
-3 -1 0.0716305 1 146166
-5 -1 0.074617 1 108888
81 1 0.0627941 1 72492
-8 -1 0.0688652 2 41688
-61 -1 0.0631501 1 112704
