60
1
1
1
1
1
1
1
1
1
1
1
1
1
1
1
1
1
1
1
1
1
1
1
1
1
1
1
1
1
1
1
1
1
1
1
1
1
1
1
1
1
1
1
1
1
1
1
1
1
1
1
1
1
1
1
1
1
1
1
1
-128 1 0 1 148808
-1984 1 0 1 27056
-128 1 0 1 148808
-128 1 0 1 148808
-122 1 0 1 108224
-1984 1 0 1 27056
-128 1 0 1 148808
-128 1 0 1 148808
518 1 0 1 54112
518 1 0 1 54112
518 1 0 1 54112
69 1 0 1 121752
-128 1 0 1 148808
-128 1 0 1 148808
148 1 0 1 67640
-229 1 0 1 40584
69 1 0 1 121752
-128 1 0 1 148808
518 1 0 1 54112
-122 1 0 1 108224
-4096 1 0 1 81168
148 1 0 1 67640
-31 1 0 1 0
-140 1 0 1 94696
-128 1 0 1 148808
100 1 0 1 135280
100 1 0 1 135280
-229 1 0 1 40584
-229 1 0 1 40584
100 1 0 1 135280
148 1 0 1 67640
-1984 1 0 1 27056
-1984 1 0 1 27056
-1793 1 0 1 13528
148 1 0 1 67640
-4096 1 0 1 81168
-31 1 0 1 0
-4096 1 0 1 81168
-4096 1 0 1 81168
-122 1 0 1 108224
-1984 1 0 1 27056
-229 1 0 1 40584
148 1 0 1 67640
518 1 0 1 54112
69 1 0 1 121752
-128 1 0 1 148808
-31 1 0 1 0
-229 1 0 1 40584
148 1 0 1 67640
-229 1 0 1 40584
-1793 1 0 1 13528
-128 1 0 1 148808
518 1 0 1 54112
148 1 0 1 67640
69 1 0 1 121752
-128 1 0 1 148808
-128 1 0 1 148808
69 1 0 1 121752
-128 1 0 1 148808
-4096 1 0 1 81168
