50
1
1
1
1
1
1
1
1
1
1
1
1
1
1
1
1
1
1
1
1
1
1
1
1
1
1
1
1
1
1
1
1
1
1
1
1
1
1
1
1
1
1
1
1
1
1
1
1
1
1
-4096 1 0 1 81168
-128 1 0 1 148808
518 1 0 1 54112
-31 1 0 1 0
-128 1 0 1 148808
-4096 1 0 1 81168
-4096 1 0 1 81168
518 1 0 1 54112
69 1 0 1 121752
-1793 1 0 1 13528
-140 1 0 1 94696
-229 1 0 1 40584
-1793 1 0 1 13528
69 1 0 1 121752
-1984 1 0 1 27056
-31 1 0 1 0
-140 1 0 1 94696
100 1 0 1 135280
-128 1 0 1 148808
-1793 1 0 1 13528
-4096 1 0 1 81168
-31 1 0 1 0
-1984 1 0 1 27056
-1793 1 0 1 13528
-31 1 0 1 0
518 1 0 1 54112
-128 1 0 1 148808
-122 1 0 1 108224
-31 1 0 1 0
-122 1 0 1 108224
-122 1 0 1 108224
-122 1 0 1 108224
-1984 1 0 1 27056
-140 1 0 1 94696
-140 1 0 1 94696
-1984 1 0 1 27056
-1793 1 0 1 13528
148 1 0 1 67640
518 1 0 1 54112
148 1 0 1 67640
-229 1 0 1 40584
-31 1 0 1 0
-4096 1 0 1 81168
-140 1 0 1 94696
-122 1 0 1 108224
-122 1 0 1 108224
69 1 0 1 121752
69 1 0 1 121752
-229 1 0 1 40584
148 1 0 1 67640
