30
1.03427
1.21615
1.05419
1.16048
1.33528
1.21844
1.20201
1.19803
1.26414
1.09521
1.0267
1.11417
1.07767
1.19686
1.20097
1.14731
1.11907
1.07877
1.18136
1.18416
1.2948
1.18149
1.34133
1.58632
1.81409
2.84123
2.74804
1.73724
1.19995
1.30596
344 1 0.112192 1 72661
-124 -1 0.0807429 8 36501
37 1 0.108284 3 24658
25 1 0.089402 2 159648
43 1 0.0647334 1 39487
-1 -1 0.0804035 1 21746
-21 -1 0.0828669 1 1080
-39 -1 0.0834739 1 31334
45 1 0.0738996 1 73992
3 1 0.100614 2 113978
43 1 0.113709 3 159572
-4 -1 0.0972336 1 16507
-830 1 0.103834 9 73662
32 1 0.0836534 3 73008
-126 -1 0.0830242 1 14873
-8 -1 0.0915688 1 161464
-14 -1 0.096378 1 157723
14 1 0.103628 1 40558
-177 -1 0.0860598 2 10567
1 1 0.085621 1 113986
36 1 0.0698109 1 161656
-121 -1 0.08604 4 96
19 1 0.0640039 1 72996
69 1 0.0402086 1 40397
0 1 0.0258772 1 153088
15 1 0.00339363 4 11476
0 -1 0.00408604 1 144914
-60 -1 0.030047 5 31748
-65 -1 0.0831808 1 99204
-694 -1 0.0683746 1 145346
