31
0.0317608
0.0285815
0.0265737
0.0285121
0.0294533
0.0269673
0.0293933
0.0274071
0.025202
0.0288525
0.0268863
0.0271923
0.0280519
0.0280824
0.0276738
0.0289713
0.0268415
0.0271061
0.0262998
0.0286927
0.0267117
0.0255801
0.0264429
0.0239065
0.0268174
0.0259107
0.0237115
0.0284152
0.0257897
0.0264807
0.0272251
1 1 0.484125 1 153473
13 1 0.485713 1 158861
686 1 0.486716 1 105609
-60 1 0.485748 1 1935
57 -1 0.485278 1 109729
558 1 0.48652 1 94671
-1 -1 0.485308 1 147926
0 1 0.4863 1 83930
0 -1 0.487402 1 146476
-49 -1 0.485578 1 16908
738 -1 0.48656 1 102704
287 1 0.486407 2 153975
12 1 0.485978 1 8169
858 1 0.485962 1 2227
-290 -1 0.486167 1 110195
110 -1 0.485518 1 104733
50 1 0.486582 1 161181
33 1 0.48645 1 104718
392 -1 0.486853 1 5853
439 1 0.485658 1 2789
26 -1 0.486647 1 154024
30 1 0.487213 1 109165
567 -1 0.486782 2 72465
-2 -1 0.488049 1 162018
-1 -1 0.486595 1 113980
24 1 0.487048 1 74124
-15 -1 0.488146 1 159937
15 1 0.485796 1 157608
453 -1 0.487108 1 33744
-21 1 0.486763 1 144130
-49 -1 0.486391 1 148393
