30
0.979149
0.718382
0.659347
0.588241
0.5852
0.563704
0.436307
0.44644
0.538238
0.455751
0.432705
0.416872
0.414965
0.436536
0.432233
0.438324
0.400471
0.404038
0.410589
0.386791
0.395227
0.360672
0.408844
0.39634
0.36869
0.409637
0.342669
0.36234
0.353477
0.330443
83 1 0.123651 1 6088
-274 -1 0.192047 1 86803
-115 -1 0.211036 1 141649
-12 -1 0.235685 1 28082
-101 -1 0.236783 1 162007
-26 -1 0.24464 1 29412
-35 -1 0.294711 1 159900
-8 -1 0.290516 1 33492
9825 1 0.254174 2 114971
173 1 0.286692 1 96901
-40 -1 0.29621 1 107425
-2 -1 0.302854 1 96385
10 1 0.30366 1 43197
2297 -1 0.294615 1 125308
12 1 0.296407 1 3384
39 1 0.293873 1 24198
-17 -1 0.309824 1 90870
-7 -1 0.3083 1 141600
-235 1 0.305514 1 159119
-90 -1 0.315705 1 141684
-41 -1 0.312071 1 148895
9 1 0.327097 1 31959
10 1 0.306255 1 86790
-114 -1 0.311593 1 1564
-53 -1 0.323577 1 110958
20 1 0.305918 1 107152
111 1 0.335071 1 28093
32 1 0.326363 1 161833
-14 -1 0.330272 1 87217
-7 -1 0.340541 1 141601
