61
0.880359
0.676568
0.633701
0.601885
0.560314
0.522826
0.425835
0.483438
0.432083
0.382433
0.463303
0.458214
0.419178
0.378998
0.433676
0.395034
0.443322
0.413282
0.472135
0.377725
0.385905
0.349514
0.361472
0.378843
0.369788
0.39038
0.447357
0.360839
0.394642
0.35917
0.328897
0.36806
0.334049
0.332768
0.351003
0.332294
0.355126
0.368951
0.3612
0.355433
0.341507
0.334821
0.334293
0.403603
0.32677
0.314274
0.373849
0.331792
0.302534
0.322438
0.309262
0.317287
0.303463
0.328925
0.331757
0.31999
0.313341
0.309336
0.310143
0.362123
0.337211
93 1 0.1467 1 9286
-274 -1 0.205358 1 86803
-114 -1 0.219702 1 141649
-186 -1 0.230805 1 161435
-12 -1 0.245895 1 28082
-8 -1 0.260061 1 31331
12 1 0.299083 1 104989
-40 -1 0.275504 1 107425
31 1 0.29647 1 161811
-20 -1 0.317591 1 31774
10086 1 0.283614 1 114971
-145 -1 0.285686 1 1565
-31 -1 0.301881 1 162299
42 1 0.319082 1 143076
3 -1 0.295806 1 98572
14 1 0.312154 1 86790
-128 1 0.291803 1 94454
111 1 0.304372 1 30107
38 1 0.280038 1 28726
-27 -1 0.319635 1 25
-39 -1 0.316088 1 148892
7 1 0.332028 1 3338
2159 -1 0.326745 2 119443
4 1 0.319149 1 43197
4 1 0.323097 1 31959
-78 -1 0.314156 1 142068
-513 -1 0.290138 1 87929
-7 -1 0.327024 1 31252
-15 -1 0.312322 1 141612
5 1 0.327759 1 159097
-114 1 0.341235 1 159154
-47 -1 0.323853 1 70896
28 1 0.338923 1 73333
-389 -1 0.339497 1 15715
-14 -1 0.331367 1 87217
-49 -1 0.33971 1 151535
-43 -1 0.329543 1 42771
-352 1 0.323463 1 153734
-58 -1 0.326865 1 73824
71 1 0.329407 1 104769
-2 -1 0.335589 1 143028
4 1 0.338577 1 113381
134 1 0.338814 1 107500
-552 1 0.308486 1 150974
-14 -1 0.342192 1 159226
-348 -1 0.34784 1 86843
-19 -1 0.321323 1 161712
2 1 0.339935 1 33336
2536 -1 0.353185 1 116276
1 1 0.344145 1 156183
42 1 0.350117 1 81930
-7 -1 0.346474 1 162314
0 -1 0.352761 1 100693
-275 1 0.341223 1 79708
106 1 0.339951 1 71964
0 1 0.345251 1 4487
6 1 0.348263 1 3432
2 1 0.350084 1 159139
159 1 0.349717 1 15857
19 -1 0.326459 1 24481
6248 1 0.337507 1 59463
