171
0.803984
0.621407
0.614964
0.587674
0.541391
0.546571
0.398242
0.452926
0.414371
0.428957
0.445576
0.452084
0.397533
0.387282
0.401089
0.381492
0.373493
0.418061
0.436557
0.339664
0.357533
0.384932
0.401479
0.373407
0.373301
0.361727
0.378169
0.361512
0.331865
0.347242
0.355959
0.366486
0.370108
0.382406
0.3847
0.375919
0.382881
0.329938
0.35725
0.340776
0.344117
0.355835
0.315049
0.336551
0.323092
0.321926
0.315005
0.394551
0.288837
0.36325
0.314756
0.317907
0.334937
0.334174
0.412991
0.325629
0.290666
0.309944
0.331858
0.351611
0.2894
0.299603
0.287181
0.322214
0.300098
0.346818
0.341309
0.3013
0.296622
0.325852
0.321386
0.348273
0.305785
0.360831
0.33502
0.306244
0.294524
0.327389
0.278422
0.298297
0.279085
0.318707
0.270766
0.324709
0.306951
0.30098
0.32233
0.358854
0.324251
0.290449
0.283177
0.335055
0.332706
0.349089
0.290809
0.30677
0.297877
0.337917
0.283665
0.312547
0.338823
0.288633
0.33111
0.317903
0.312676
0.346548
0.307657
0.284016
0.349299
0.316373
0.300837
0.308008
0.306068
0.359958
0.325651
0.295139
0.309639
0.332746
0.362577
0.314854
0.278772
0.334334
0.283617
0.31435
0.325395
0.327607
0.356507
0.309127
0.335613
0.295191
0.294209
0.284889
0.304714
0.304061
0.336892
0.306508
0.293263
0.318815
0.343183
0.307809
0.359174
0.280276
0.31532
0.308327
0.319957
0.288605
0.35756
0.292394
0.284661
0.320454
0.313727
0.292123
0.31282
0.28776
0.321937
0.300953
0.303769
0.317698
0.329758
0.293599
0.314988
0.259944
0.275427
0.288511
0.351209
0.363956
0.290834
0.287004
0.268685
0.283956
0.288654
93 1 0.166871 1 9286
-146 -1 0.223946 1 141649
-140 -1 0.226194 1 86853
-186 -1 0.23589 1 161435
-12 -1 0.25298 1 28082
-56 -1 0.251027 1 25141
43 1 0.310778 1 143076
17 1 0.28785 1 99297
-23 -1 0.303911 1 107420
5 1 0.297775 1 30085
9756 1 0.290872 2 115267
-145 -1 0.288195 1 1565
-31 -1 0.311082 1 162299
38 1 0.315493 1 161811
1691 -1 0.30956 1 123610
-2 -1 0.317999 1 0
-16 -1 0.321478 1 31683
-73 -1 0.302352 1 71160
-58 -1 0.294607 1 93392
-13 -1 0.336411 1 96385
116 1 0.32848 1 28727
106 1 0.316509 1 107565
-644 1 0.309393 3 80205
-33 -1 0.321516 1 108796
-153 1 0.321562 1 159155
111 1 0.326633 1 30107
-7 -1 0.319442 1 33033
18 1 0.326727 1 3384
-11 -1 0.339902 1 145177
-408 1 0.333036 2 152237
11 1 0.329175 1 86790
-5 -1 0.324543 1 84241
-39 -1 0.322957 1 150239
-82 -1 0.317602 1 71412
-348 -1 0.316609 1 86843
-5 -1 0.320421 1 141600
51 1 0.317397 1 73177
54 1 0.340768 1 104993
-51 -1 0.328605 1 86750
2 1 0.335915 1 106480
20998 1 0.334426 2 114548
19 -1 0.32923 1 24481
-6 -1 0.347488 1 146496
28 1 0.337802 1 23119
7 1 0.34385 1 159097
-5 -1 0.344376 1 162318
-57 -1 0.347508 1 73824
-5 -1 0.312362 1 14860
17 1 0.359468 1 74064
2 1 0.325963 1 30682
56 1 0.347621 1 107625
-128 1 0.346194 1 25697
-46 -1 0.338525 1 42771
-7 -1 0.338867 1 5299
121 1 0.304495 1 42340
-3 1 0.342706 1 158420
-12 -1 0.358626 1 70812
-119 1 0.349807 1 158469
-72 -1 0.339905 1 160629
34 -1 0.331098 1 86113
-67 -1 0.359209 1 149881
3 1 0.354525 1 3289
-228 -1 0.360231 1 21092
-5 1 0.344246 1 113792
25 1 0.354299 1 39485
1895 1 0.333225 1 62038
39 -1 0.335677 1 24483
-7 -1 0.353749 1 154073
9 1 0.355891 1 142743
-104 -1 0.342606 1 111942
13 1 0.34462 1 112095
-502 1 0.332578 1 153379
319 -1 0.351701 1 153301
-165 -1 0.327027 1 141611
19 1 0.338488 1 98233
-13 -1 0.351492 1 43059
11 1 0.356853 1 13849
-25 -1 0.341914 1 108736
-17 -1 0.364278 1 40939
-7 -1 0.355123 1 141601
42 1 0.363971 1 154039
1014 1 0.345831 1 145951
1 1 0.367831 1 160849
2536 -1 0.343121 1 116276
4 -1 0.35117 1 100784
-25 -1 0.353896 1 146746
-3 1 0.344194 1 107995
-29 -1 0.327898 1 105995
-9 -1 0.343327 1 152732
-7 -1 0.358726 1 23619
180 1 0.362078 1 72504
-574 1 0.338472 1 155642
-28 -1 0.339525 1 74196
3 1 0.332216 1 12435
-8 -1 0.358561 1 92211
5 1 0.351252 1 155147
-30 -1 0.355316 1 112646
-570 1 0.337192 1 80785
2 -1 0.361853 1 98677
824 1 0.348624 1 65531
4 -1 0.336787 1 147901
-61 -1 0.359562 1 107505
-48 1 0.340241 1 153664
-38 -1 0.346195 1 111072
75 -1 0.348565 1 152633
27 1 0.333345 1 106110
-1 -1 0.350848 1 154249
-49 -1 0.361691 1 83994
-75 -1 0.332123 1 141672
-43 -1 0.346888 1 153887
45 1 0.353961 1 43187
-220 -1 0.350688 1 20878
-21 -1 0.351572 1 93136
107 1 0.327412 1 15856
7 -1 0.342696 1 144518
-16 -1 0.356571 1 48
-1 -1 0.349946 1 1728
2278 1 0.339507 1 123013
38 -1 0.326259 1 101401
-2 -1 0.347577 1 143028
-138 -1 0.364116 1 88405
-21 -1 0.338795 1 25537
71 1 0.361876 1 9293
-6 -1 0.347805 1 141600
-845 1 0.342811 1 15230
-187 -1 0.341816 1 105781
1 1 0.328933 1 106950
77 1 0.350179 1 107505
239 -1 0.338222 1 57779
6 1 0.356547 1 113989
-6 -1 0.356998 1 41761
0 1 0.361288 1 6722
-47 -1 0.35219 1 8862
1254 1 0.352488 1 117872
21 -1 0.33765 1 159198
-13 -1 0.351372 1 162298
118 1 0.357432 1 98960
129 1 0.345782 1 25352
-181 1 0.334842 1 153547
67 1 0.350779 1 159880
83 -1 0.327757 1 155918
-51 -1 0.36342 1 143472
5 1 0.347365 1 32508
11 1 0.350543 1 161203
-569 1 0.345266 1 151291
120 1 0.359575 1 71724
229 -1 0.328469 1 156422
9 1 0.357831 1 112092
0 1 0.361393 1 111297
50 1 0.345041 1 157782
-117 -1 0.348088 1 74381
40 1 0.357956 1 86630
238 -1 0.3485 1 932
15 1 0.359964 1 155789
-7 -1 0.344371 1 3456
-8 -1 0.353908 1 142130
280 -1 0.352621 1 155509
-91 -1 0.346288 1 142068
-22 1 0.340848 1 142907
-130 -1 0.357278 1 2462
69 -1 0.347516 1 150306
37 1 0.372879 1 102285
-15 -1 0.365666 1 161732
-1 -1 0.359618 1 162321
4533 1 0.331276 2 116260
-195 1 0.325653 1 159189
17 1 0.358549 1 161232
-18 -1 0.360313 1 33492
-58 -1 0.3688 1 153885
-2 -1 0.361719 1 89916
134 1 0.359552 1 110961
