31
0.971495
0.714812
0.658164
0.587774
0.560341
0.533419
0.431122
0.456657
0.443563
0.402402
0.425615
0.478452
0.423238
0.425262
0.380735
0.426116
0.374252
0.365865
0.339812
0.392352
0.371012
0.386455
0.354338
0.356614
0.406674
0.333467
0.335008
0.391837
0.347035
0.424423
0.331944
83 1 0.12532 1 6088
-274 -1 0.193157 1 86803
-115 -1 0.21143 1 141649
-186 -1 0.235854 1 161435
-12 -1 0.245885 1 28082
-11 -1 0.256005 1 31332
-35 -1 0.296871 1 159900
22 1 0.286322 1 101382
39 1 0.291703 1 3288
18 1 0.308999 1 40448
-61 -1 0.299175 1 73956
5 -1 0.277499 1 98579
-27 -1 0.300172 1 141602
-59 -1 0.299323 1 93224
36 1 0.318327 1 73884
-204 -1 0.298965 1 25516
-47 -1 0.321148 1 8862
-37 -1 0.324815 1 162293
-1 -1 0.336345 1 1728
106 1 0.313307 1 107565
12 1 0.322562 1 158876
17 1 0.31585 1 25347
6 1 0.329891 1 103524
-63 -1 0.328886 1 71160
0 1 0.307178 1 159139
-65 -1 0.339184 1 151535
110 1 0.338493 1 28093
-8 -1 0.313529 1 5299
3593 1 0.333128 1 117900
-177 1 0.299675 1 158470
-66 -1 0.339867 1 149954
