71
0.867266
0.668036
0.629848
0.600829
0.559365
0.523012
0.419248
0.486784
0.429674
0.384173
0.408393
0.431028
0.427383
0.39888
0.43377
0.443963
0.388708
0.471559
0.434683
0.452832
0.379516
0.380453
0.396321
0.385072
0.35778
0.367093
0.340253
0.412627
0.37208
0.353051
0.355253
0.391303
0.370692
0.353805
0.321572
0.36091
0.350411
0.320824
0.384969
0.347006
0.392432
0.334781
0.326284
0.3573
0.349541
0.308825
0.294786
0.310943
0.311092
0.333951
0.300023
0.326255
0.319201
0.340768
0.319036
0.309093
0.301386
0.35252
0.325797
0.309628
0.358252
0.308887
0.376957
0.312715
0.325693
0.332059
0.324609
0.29139
0.332233
0.349637
0.314414
93 1 0.150009 1 9286
-274 -1 0.208157 1 86803
-114 -1 0.221026 1 141649
-186 -1 0.231181 1 161435
-12 -1 0.246247 1 28082
-8 -1 0.259989 1 31331
12 1 0.301851 1 104989
-40 -1 0.27417 1 107425
31 1 0.297476 1 161811
-4 -1 0.316837 1 0
-203 -1 0.306446 1 27702
42 1 0.29691 1 143076
-16 -1 0.298434 1 93440
5 -1 0.310505 1 98481
-67 -1 0.295766 1 71136
-19 -1 0.291538 1 11934
2 1 0.314877 1 33684
4313 1 0.280271 1 117809
0 1 0.295386 1 30564
2586 -1 0.287888 2 121556
-9 -1 0.318856 1 162314
81 1 0.318449 1 107575
-292 1 0.311602 1 158435
68 1 0.316448 1 159528
-27 -1 0.328371 1 29325
18 1 0.324277 1 3384
17 1 0.336148 1 98233
133 1 0.304649 1 30108
0 1 0.322095 1 154153
16 1 0.330461 1 73477
11 1 0.329487 1 86790
-33 -1 0.313758 1 153887
4 1 0.322701 1 43197
-40 -1 0.330127 1 89592
-7 -1 0.344536 1 148891
873 1 0.326992 1 65487
-410 1 0.33163 1 152235
-18 -1 0.344874 1 72132
426 -1 0.316492 1 152061
-13 -1 0.333141 1 96385
-6 -1 0.313273 1 141600
0 1 0.338595 1 159139
-13 -1 0.342411 1 5116
-147 -1 0.328583 1 105856
-25 -1 0.332016 1 87010
48 1 0.350316 1 15126
-22 -1 0.356733 1 145056
-7 -1 0.349353 1 141756
261 -1 0.349285 1 26298
6813 -1 0.338967 2 117293
13 1 0.354333 1 107670
28 1 0.342424 1 6219
-71 -1 0.345608 1 141936
13 -1 0.335919 1 94185
-44 -1 0.345682 1 42771
381 1 0.350194 1 21453
48 1 0.35371 1 41044
-574 1 0.330696 1 155642
23 1 0.34263 1 112095
-31 -1 0.349951 1 111933
-348 -1 0.328163 1 86843
-68 -1 0.350288 1 74028
-2114 1 0.319969 2 73821
69 1 0.348547 1 73896
-4 1 0.342677 1 112939
-26 -1 0.339815 1 146746
-1 -1 0.343166 1 162318
-64 -1 0.358293 1 14871
113 1 0.339737 1 107565
2 -1 0.331973 1 156923
25 1 0.347776 1 27634
