181
0.801652
0.616699
0.609885
0.58558
0.540007
0.545101
0.401557
0.449621
0.414944
0.426623
0.448745
0.449634
0.397299
0.38635
0.402399
0.380757
0.38781
0.404034
0.44654
0.347989
0.361092
0.379583
0.407434
0.417203
0.383339
0.369742
0.405054
0.339679
0.36989
0.3372
0.358842
0.386153
0.333052
0.345259
0.336373
0.341082
0.321878
0.358887
0.361654
0.376628
0.297527
0.356084
0.358429
0.302653
0.342492
0.321306
0.317326
0.366774
0.317274
0.335019
0.302233
0.348079
0.355674
0.33479
0.335329
0.367034
0.326477
0.340264
0.328837
0.300482
0.329027
0.322165
0.307803
0.316846
0.320455
0.323153
0.328534
0.309896
0.337133
0.334864
0.338049
0.295478
0.314796
0.279554
0.319543
0.352482
0.301579
0.314641
0.29856
0.303557
0.349231
0.334543
0.291848
0.290484
0.302115
0.299504
0.310479
0.35051
0.322071
0.327103
0.299682
0.310823
0.324823
0.320855
0.3061
0.318129
0.336327
0.303922
0.279992
0.345867
0.297491
0.282413
0.305256
0.278558
0.298025
0.282204
0.284581
0.366208
0.322854
0.361838
0.293223
0.300175
0.301906
0.318617
0.289488
0.286935
0.324539
0.346622
0.303334
0.290664
0.325041
0.305325
0.310878
0.274491
0.288824
0.29971
0.337885
0.288823
0.325841
0.305936
0.35679
0.28385
0.338097
0.29033
0.282959
0.311014
0.286261
0.308901
0.278984
0.304125
0.328487
0.288452
0.290713
0.309047
0.350708
0.358628
0.29951
0.313074
0.322862
0.291421
0.346572
0.328003
0.290386
0.277432
0.272573
0.268114
0.267579
0.273181
0.327213
0.291111
0.350102
0.278166
0.333953
0.276493
0.307727
0.30418
0.335074
0.321887
0.292158
0.289479
0.329097
0.314082
0.286228
0.316062
0.297466
0.279064
0.263766
0.294012
0.343656
0.269853
0.316402
93 1 0.16752 1 9286
-146 -1 0.225587 1 141649
-140 -1 0.227977 1 86853
-186 -1 0.236646 1 161435
-12 -1 0.253503 1 28082
-56 -1 0.25158 1 25141
43 1 0.30936 1 143076
17 1 0.289206 1 99297
-23 -1 0.303669 1 107420
5 1 0.298753 1 30085
9756 1 0.289566 2 115267
-145 -1 0.289201 1 1565
-31 -1 0.311182 1 162299
38 1 0.315896 1 161811
1691 -1 0.309 1 123610
-3 -1 0.318318 1 0
-16 -1 0.315265 1 31683
-73 -1 0.308302 1 71160
-58 -1 0.290475 1 93392
-13 -1 0.332704 1 96385
116 1 0.326912 1 28727
106 1 0.318827 1 107565
-154 1 0.306854 1 159155
-33 -1 0.302714 1 108796
23 1 0.317198 1 95981
22 1 0.323117 1 86730
-11 -1 0.307867 1 14861
81 1 0.336404 1 142548
533 -1 0.323052 1 155439
46 1 0.337512 1 23011
73 1 0.327903 1 23631
-1 1 0.315981 1 107995
60 1 0.33937 1 73896
2 1 0.333918 1 113995
-49 -1 0.337882 1 151535
-8 -1 0.335778 1 146636
-36 -1 0.344398 1 71352
-101 1 0.327883 1 25746
1895 1 0.326665 1 62038
-49 -1 0.320112 1 86973
-508 1 0.355476 1 154431
4514 1 0.32912 1 116260
2 1 0.328085 1 30682
-31 -1 0.353131 1 86800
20 1 0.33515 1 73321
23 1 0.344657 1 104993
-198 -1 0.346457 1 143338
21 -1 0.324416 1 24481
-46 -1 0.34648 1 42771
1899 -1 0.338488 1 57718
-42 -1 0.353323 1 90700
-6 -1 0.332665 1 141600
-6 -1 0.329301 1 41447
-32 -1 0.338591 1 40910
-69 -1 0.338349 1 110997
-1 -1 0.324303 1 98495
10 1 0.342324 1 106445
-153 -1 0.336144 1 105926
13 1 0.341262 1 31513
255 -1 0.354123 1 156482
-5 -1 0.341177 1 146496
-10 -1 0.344268 1 8529
41 1 0.350782 1 3288
-6 -1 0.346674 1 162318
-47 -1 0.345041 1 8862
-69 -1 0.343822 1 161431
59 1 0.341399 1 102086
873 1 0.349829 1 65487
-1 -1 0.337542 1 553
-25 1 0.338558 1 1065
9 1 0.337133 1 159712
5 1 0.356416 1 161280
-9 -1 0.347603 1 92211
2 1 0.363754 1 103195
5272 -1 0.345453 2 119266
210 -1 0.330712 1 99289
14 1 0.353621 1 107670
-43 -1 0.347673 1 624
93 1 0.355003 1 156949
-193 1 0.352718 1 157696
-77 -1 0.332153 1 158486
-14 -1 0.338702 1 87217
-43 -1 0.358083 1 153887
7 1 0.35871 1 82100
-7 -1 0.353377 1 141601
109 1 0.354571 1 2817
-40 -1 0.349564 1 73920
7 -1 0.331586 1 144518
-2 -1 0.344311 1 143028
-1 -1 0.342042 1 1728
-10 -1 0.354489 1 41762
-26 -1 0.349407 1 112696
-189 1 0.343069 1 155646
21 1 0.34486 1 112095
497 -1 0.351557 1 154506
-176 -1 0.346093 1 141611
-12 -1 0.337903 1 74393
198 1 0.352551 1 73225
6940 -1 0.363551 2 114516
16 1 0.333648 1 106646
3 1 0.355493 1 158556
32 1 0.362432 1 3385
-8 -1 0.351942 1 153481
0 1 0.364215 1 113974
-68 -1 0.355248 1 9824
11 1 0.362528 1 27631
136 1 0.36143 1 110961
78 -1 0.324665 1 152633
-64 -1 0.343957 1 111039
-35 1 0.326584 1 153664
-3173 -1 0.35745 5 4697
329 1 0.354264 1 70600
-2 -1 0.353472 1 25920
1 1 0.345872 1 156204
68 1 0.359168 1 158521
4 1 0.360344 1 12435
-77 -1 0.343197 1 141936
-64 1 0.333312 1 23430
112 1 0.35282 1 107280
-18 -1 0.358627 1 159196
-249 1 0.342971 1 157460
77 1 0.351911 1 86770
-16 1 0.349382 1 24192
-17 -1 0.3661 1 148738
1 1 0.359474 1 31585
412 1 0.354476 1 133492
-38 1 0.337206 1 147532
-50 -1 0.359475 1 86600
19 -1 0.342611 1 24481
42 1 0.351632 1 87648
535 -1 0.328808 1 88348
-6 -1 0.361768 1 141600
71 1 0.337111 1 150477
-77 -1 0.358781 1 90627
-2124 1 0.362179 1 72727
-4 -1 0.34932 1 161412
-70 -1 0.360655 1 162005
0 -1 0.350282 1 100693
-14 -1 0.364018 1 92364
44 1 0.352458 1 41762
200 1 0.34142 1 73487
-29 -1 0.359645 1 29412
630 1 0.358605 1 24719
24 -1 0.350215 1 88784
-29 -1 0.331498 1 105995
2 1 0.327998 1 159139
61 1 0.354568 1 143245
-17 1 0.348384 1 159249
-67 -1 0.343954 1 39174
138 -1 0.358279 1 159545
126 1 0.333334 1 12976
1 1 0.341637 1 105346
47 1 0.358755 1 161480
4 1 0.364737 1 144375
4 1 0.366991 1 143149
-41 -1 0.369066 1 141660
13 1 0.369315 1 162197
100 1 0.366709 1 107495
6 -1 0.341993 1 158801
-55 -1 0.358422 1 107275
5 -1 0.331767 1 98481
2534 1 0.364397 1 117886
-1 1 0.338966 1 106495
-281 1 0.365172 1 79708
61 1 0.350816 1 159312
-60 -1 0.352433 1 159317
1295 -1 0.338464 4 73305
116 1 0.344394 1 23015
21 1 0.35794 1 98995
15 1 0.359172 1 150407
-81 -1 0.341145 1 73680
-451 1 0.347927 1 158995
775 -1 0.36067 1 121247
-1 -1 0.347029 1 154249
-31 -1 0.355504 1 42773
58 1 0.363981 1 73165
0 1 0.371093 1 113999
2287 1 0.357088 1 123013
7 -1 0.334631 1 94177
-109 -1 0.368256 1 141609
-1 -1 0.346875 1 33033
