81
0.854549
0.658718
0.626513
0.586357
0.564609
0.540224
0.43215
0.478847
0.417942
0.403189
0.435364
0.3989
0.381161
0.369397
0.366541
0.448388
0.370806
0.448283
0.422712
0.392864
0.388054
0.387546
0.421729
0.379904
0.375729
0.343386
0.350133
0.330867
0.406476
0.331294
0.372829
0.372194
0.350861
0.308131
0.373744
0.327533
0.375059
0.354157
0.355197
0.326751
0.351292
0.422344
0.330745
0.334104
0.309469
0.371436
0.327797
0.320375
0.331974
0.329087
0.316812
0.313514
0.328843
0.324542
0.357208
0.332892
0.334206
0.312007
0.315357
0.29735
0.300169
0.383008
0.304679
0.302559
0.337149
0.293169
0.300123
0.342655
0.35404
0.386143
0.320657
0.356549
0.308749
0.32939
0.315115
0.360007
0.301334
0.280965
0.351734
0.317796
0.316728
93 1 0.153281 1 9286
-274 -1 0.211245 1 86803
-171 -1 0.222177 1 141649
-62 -1 0.236365 1 161735
-12 -1 0.244305 1 28082
-56 -1 0.253421 1 25141
-46 -1 0.296442 1 31683
-30 -1 0.27734 1 141602
8 1 0.302402 1 104989
-41 -1 0.308663 1 107425
-38 -1 0.295103 1 93352
-30 -1 0.310496 1 162299
7 1 0.318142 1 3385
-338 -1 0.323268 1 169
247 1 0.324519 1 106805
121 1 0.289713 1 24038
3 -1 0.322652 1 98572
138 1 0.289757 1 30108
19 -1 0.300394 1 24481
175 1 0.313087 1 72504
89 1 0.315159 1 98115
1 1 0.315379 1 112939
-16 -1 0.300807 1 74232
0 1 0.318688 1 142742
-43 -1 0.320504 1 42771
62 1 0.334752 1 73177
8024 -1 0.331753 2 117014
-181 -1 0.34035 1 86893
22 1 0.307262 1 86730
0 1 0.340158 1 33685
-66 -1 0.321768 1 70884
-19 -1 0.322045 1 11934
2 1 0.331431 1 145792
-3 -1 0.350632 1 141600
-177 1 0.321369 1 158470
-16 -1 0.341849 1 108844
0 1 0.320796 1 159139
133 1 0.329972 1 12221
-31 -1 0.329512 1 153887
-8 -1 0.342201 1 162318
4194 1 0.33124 2 117809
184 1 0.300549 1 93333
42 1 0.340405 1 161187
-27 -1 0.338898 1 148578
10 -1 0.350023 1 100791
325 -1 0.322377 1 130716
213 -1 0.34173 1 156422
-36 -1 0.345077 1 31249
6005 1 0.339853 2 53653
291 -1 0.34115 1 144327
161 1 0.346689 1 143077
-42 -1 0.348185 1 112482
-10 -1 0.341259 1 153097
-43 -1 0.343196 1 86993
-26 -1 0.328624 1 105925
-245 1 0.339442 1 156488
-28 -1 0.338853 1 146636
-8 -1 0.348869 1 1922
-3 -1 0.347349 1 0
18 1 0.355557 1 161833
29 1 0.354266 1 107675
-6 -1 0.317342 1 159357
43 1 0.352206 1 107994
-509 -1 0.353173 1 85422
-7 -1 0.337535 1 154073
-17 -1 0.357475 1 864
-147 -1 0.354287 1 105856
7 -1 0.335077 1 96400
3410 1 0.330023 1 63380
78 -1 0.315985 1 152633
18 1 0.34495 1 15122
-130 -1 0.328915 1 2462
31 1 0.350351 1 104745
5 1 0.341014 1 113998
-165 -1 0.347458 1 143338
-38 1 0.32739 1 153664
71 1 0.353733 1 151837
-35 -1 0.363101 1 111072
-415 1 0.331044 1 156598
8373 -1 0.346244 6 114716
4 -1 0.346727 1 100784
