91
0.846788
0.647557
0.625201
0.581707
0.562422
0.538776
0.430583
0.471388
0.418427
0.453048
0.391424
0.403063
0.434556
0.430486
0.379702
0.389497
0.377525
0.383182
0.378327
0.409742
0.334557
0.343838
0.389919
0.384595
0.345132
0.364634
0.400885
0.368992
0.307663
0.323836
0.375698
0.331986
0.348243
0.356673
0.350908
0.353874
0.345381
0.352417
0.364965
0.343383
0.316871
0.37537
0.359808
0.361774
0.32827
0.327415
0.368739
0.339384
0.34813
0.335619
0.394945
0.316795
0.306005
0.312667
0.353406
0.370694
0.339587
0.289248
0.329276
0.312905
0.324741
0.315451
0.282985
0.297999
0.360496
0.303371
0.354387
0.3429
0.364771
0.308145
0.343287
0.306091
0.374709
0.330888
0.342805
0.307088
0.366901
0.312505
0.326114
0.300885
0.350798
0.36949
0.303898
0.312344
0.317779
0.31517
0.343347
0.35098
0.324647
0.310642
0.346575
93 1 0.155306 1 9286
-274 -1 0.214988 1 86803
-171 -1 0.222631 1 141649
-62 -1 0.238048 1 161735
-12 -1 0.245114 1 28082
-56 -1 0.25397 1 25141
-22 -1 0.297096 1 141602
-25 -1 0.28034 1 31683
-41 -1 0.302198 1 107425
-38 -1 0.287799 1 93352
-30 -1 0.313707 1 162299
305 1 0.308716 1 98982
106 1 0.295439 1 107565
34 1 0.297136 1 26600
35 1 0.318775 1 143076
-13 -1 0.314537 1 96385
-32 -1 0.319722 1 161285
56 1 0.317266 1 73473
16 1 0.319373 1 86790
1 1 0.305873 1 112939
-127 -1 0.338695 1 86962
-18 -1 0.33455 1 72132
-23 -1 0.314355 1 11934
164 1 0.316655 1 74851
-1 -1 0.333974 1 1728
-64 -1 0.325355 1 74052
-811 1 0.309647 2 154642
-35 -1 0.323445 1 159900
-5 -1 0.350845 1 24
128 1 0.343514 1 18593
3 -1 0.320517 1 98572
1 1 0.339848 1 156204
-6 -1 0.332592 1 43068
-57 -1 0.32886 1 85302
8792 -1 0.33141 3 117028
6 1 0.330097 1 3385
22 1 0.333863 1 161262
-1 -1 0.330741 1 1512
-50 -1 0.32521 1 112540
43 1 0.334753 1 107994
-1 1 0.346662 1 101395
-181 -1 0.32066 1 143338
-552 1 0.327477 1 150974
-26 -1 0.326612 1 146746
-151 1 0.341517 1 159155
5137 1 0.341902 1 114589
-1 -1 0.323556 1 33033
-6 -1 0.336536 1 162318
-87 -1 0.332642 1 148895
-10 -1 0.33822 1 153097
-71 -1 0.312192 1 110955
20 1 0.346697 1 107152
-16 -1 0.351601 1 41763
10 1 0.348569 1 29677
-6 -1 0.330304 1 141600
5 1 0.322701 1 104793
-5 -1 0.336446 1 108724
13 1 0.359279 1 161831
-91 -1 0.341065 1 86861
1 -1 0.348461 1 100693
315 -1 0.343106 1 56258
-24 -1 0.347306 1 143353
-43 -1 0.362167 1 89754
1599 1 0.35526 1 122996
-150 1 0.327175 1 152313
-9 -1 0.352803 1 71628
78 -1 0.32987 1 152633
3632 1 0.334968 1 117900
-95 -1 0.325295 1 4954
57 1 0.350626 1 39174
2 1 0.334796 1 113998
175 1 0.351562 1 72504
36 1 0.320948 1 95884
-45 -1 0.340341 1 142284
-451 1 0.335011 1 156598
183 1 0.351107 1 17905
367 -1 0.324361 1 153301
9 1 0.348643 1 112092
-162 -1 0.342487 1 8877
85 1 0.353939 1 147960
-114 -1 0.331459 1 111666
-85 1 0.323227 1 150642
52 1 0.352562 1 3288
-46 -1 0.348716 1 39962
3 1 0.346251 1 99296
3286 1 0.347434 1 136612
11 -1 0.334769 1 98684
5213 -1 0.331378 3 119252
-10 1 0.343149 1 27945
-105 -1 0.349489 1 27874
5 1 0.333333 1 155147
