141
0.811814
0.627124
0.619392
0.600044
0.542911
0.514442
0.403423
0.468546
0.425549
0.492269
0.377152
0.437844
0.39486
0.370479
0.382203
0.438866
0.398515
0.363287
0.359627
0.432865
0.423824
0.396436
0.348984
0.397796
0.345563
0.342089
0.363523
0.31093
0.315206
0.31942
0.360723
0.36581
0.339434
0.378187
0.329424
0.360113
0.328961
0.351062
0.326353
0.315644
0.384901
0.350048
0.328517
0.341348
0.356423
0.371229
0.383335
0.328631
0.316592
0.343633
0.387929
0.306491
0.325606
0.382021
0.361872
0.31869
0.331379
0.364027
0.333806
0.310329
0.324112
0.310776
0.295503
0.346251
0.348906
0.3414
0.349159
0.320977
0.298989
0.297553
0.296284
0.323938
0.290115
0.315988
0.369275
0.30482
0.307508
0.301741
0.301056
0.33819
0.288231
0.339335
0.354514
0.303137
0.326399
0.34241
0.325567
0.288783
0.30676
0.322609
0.354048
0.352288
0.351734
0.373603
0.299316
0.299305
0.308346
0.368096
0.280745
0.353824
0.289293
0.307042
0.33281
0.329498
0.28041
0.324837
0.307646
0.302803
0.322022
0.296232
0.306767
0.315802
0.31729
0.29147
0.313402
0.312522
0.293603
0.334663
0.347267
0.28862
0.307953
0.33195
0.310503
0.314479
0.337359
0.33802
0.32471
0.287987
0.288978
0.286136
0.315915
0.332262
0.292992
0.32618
0.306288
0.298182
0.26966
0.331768
0.30775
0.289081
0.32498
93 1 0.164705 1 9286
-114 -1 0.221966 1 141649
-419 -1 0.224648 1 86813
-198 -1 0.231459 1 161435
-12 -1 0.252406 1 28082
-26 -1 0.263301 1 29412
-40 -1 0.308563 1 107425
-317 -1 0.281488 1 87875
-8 -1 0.299203 1 3456
-21 -1 0.271992 1 31683
42 1 0.319884 1 143076
26 1 0.294072 1 95981
-52 -1 0.312229 1 162279
-11 -1 0.322794 1 32940
-51 -1 0.317691 1 71676
1 1 0.293648 1 103196
12 1 0.310661 1 3384
-41 -1 0.325947 1 148892
-16 -1 0.327557 1 96385
-6 -1 0.296143 1 141600
-145 -1 0.299926 1 1565
-3 -1 0.311552 1 108780
66 1 0.332263 1 107570
93 1 0.310969 1 21262
-7 -1 0.333783 1 162318
104 1 0.335329 1 31979
7 -1 0.325843 1 144518
-4 -1 0.349359 1 36521
-12 -1 0.347417 1 41763
24 1 0.345509 1 73142
7187 -1 0.327075 7 114524
10 1 0.324839 1 107147
103 1 0.336514 1 107560
17 -1 0.319434 1 24481
-88 -1 0.340998 1 141816
57 -1 0.327343 1 154854
11 1 0.341207 1 86790
-27 -1 0.331342 1 142471
32 1 0.34238 1 161833
2 1 0.347219 1 33684
-19 -1 0.316522 1 141612
10 1 0.331791 1 29677
-22 -1 0.341406 1 112676
34 1 0.33566 1 104999
-70 -1 0.32897 1 110964
-348 -1 0.322467 1 86843
-12 -1 0.3172 1 74160
-15 -1 0.341355 1 141615
-28 -1 0.346789 1 87226
10535 1 0.334641 1 117852
-30 -1 0.315213 1 151535
-2 -1 0.351379 1 143028
-479 1 0.342717 1 155641
-198 -1 0.317769 1 143338
2 1 0.326569 1 30682
-26 -1 0.345839 1 40915
3239 1 0.34012 1 136612
227 -1 0.325622 1 28432
29 1 0.339032 1 146386
-160 1 0.349632 1 159155
-37 -1 0.34339 1 141804
-35 -1 0.349429 1 31249
-23 -1 0.356404 1 146746
2 -1 0.333477 1 98915
551 -1 0.332297 1 117181
-17 1 0.335637 1 25777
79 1 0.332185 1 74961
0 1 0.344805 1 113994
9 1 0.354806 1 112092
-295 1 0.355464 1 79708
1746 1 0.356046 1 29073
-466 -1 0.343468 1 85242
0 -1 0.35888 1 100686
-46 -1 0.347063 1 86810
-20 1 0.323321 1 104936
6 1 0.352142 1 155147
50 1 0.350916 1 157782
-5 -1 0.353548 1 17645
19 1 0.353861 1 86790
69 -1 0.33707 1 153384
18 1 0.359747 1 107725
-43 1 0.336558 1 153536
-35 -1 0.329814 1 159900
13 1 0.35291 1 1070
-119 -1 0.342359 1 111903
5 -1 0.335186 1 96144
68 1 0.342734 1 3144
403 -1 0.359493 1 57780
-44 -1 0.351257 1 42771
203 -1 0.344068 1 157219
126 1 0.33002 1 12976
-417 1 0.330799 1 155514
2525 1 0.331044 1 117886
-1 1 0.321431 1 101395
5 1 0.354657 1 159097
42 1 0.354662 1 161811
862 1 0.350534 1 65487
-266 1 0.323837 2 160159
-34 -1 0.363203 1 107455
141 1 0.330119 1 2815
383 -1 0.359258 1 52341
-35 1 0.351128 1 153728
26 1 0.339478 1 87819
789 -1 0.340965 2 147015
-108 -1 0.363358 1 9022
-637 1 0.343063 1 150068
29 1 0.350853 1 107675
-22 -1 0.353062 1 74256
-224 1 0.344333 1 154505
-56 -1 0.35607 1 96
72 1 0.351254 1 15129
-8 -1 0.347147 1 92211
-50 -1 0.346473 1 22907
-5 -1 0.358256 1 98481
-29 -1 0.348235 1 106051
35 1 0.348635 1 73621
25 -1 0.357276 1 25653
-13 -1 0.338648 1 72120
13 1 0.333025 1 152937
-7 -1 0.359568 1 288
-1 -1 0.350713 1 5299
-117 -1 0.339864 1 72745
-52 -1 0.349553 1 151535
-444 1 0.347747 1 155580
6896 1 0.337441 2 56906
125 -1 0.337146 1 28304
-18 -1 0.34312 1 161352
-3 -1 0.359859 1 112528
1 1 0.359403 1 112939
13 1 0.360713 1 104886
163 1 0.347096 1 72708
322 -1 0.339724 1 158848
10 1 0.357557 1 18006
-31 -1 0.342458 1 162299
-66 -1 0.351472 1 112598
27 1 0.355176 1 159717
57 -1 0.368346 1 162059
-8 -1 0.339946 1 141600
34 1 0.350805 1 25454
-1 -1 0.359356 1 1728
28 1 0.342999 1 81920
