41
0.917025
0.690095
0.654103
0.617886
0.563859
0.520566
0.419604
0.496921
0.44123
0.421868
0.41125
0.415302
0.45137
0.385495
0.405429
0.453302
0.373948
0.37621
0.410987
0.419645
0.434358
0.387582
0.389818
0.383819
0.375728
0.398837
0.383668
0.368163
0.395858
0.365565
0.390746
0.35204
0.320415
0.38415
0.379284
0.364588
0.361219
0.359549
0.345493
0.334465
0.327031
83 1 0.137757 1 9286
-274 -1 0.200978 1 86803
-115 -1 0.212787 1 141649
-186 -1 0.225173 1 161435
-12 -1 0.244582 1 28082
-8 -1 0.260932 1 31331
17 1 0.301701 1 99297
-40 -1 0.270154 1 107425
31 1 0.292668 1 161811
41 1 0.300749 1 3288
-8 -1 0.305233 1 33492
133 1 0.303517 1 30108
-38 -1 0.288488 1 93352
-44 -1 0.316265 1 142564
-7 -1 0.307708 1 288
3 -1 0.287695 1 98572
-52 -1 0.32128 1 162279
-145 -1 0.320294 1 1565
3731 1 0.305345 1 117802
-128 1 0.301684 1 94454
-83 -1 0.295522 1 141816
-190 1 0.315363 1 158395
-41 -1 0.314398 1 108740
-15 -1 0.31699 1 27250
106 1 0.320504 1 107565
6 1 0.310523 1 31957
-50 -1 0.317056 1 147455
-4 -1 0.323808 1 141600
-47 -1 0.3118 1 90700
0 1 0.324947 1 113992
329 -1 0.313999 1 130716
44 -1 0.330908 1 142840
-29 -1 0.345059 1 89693
-77 -1 0.316847 1 73836
2 1 0.318957 1 30682
11 1 0.325375 1 73968
49 1 0.326856 1 95982
6070 1 0.327592 1 114597
78 -1 0.333814 1 152633
-16 -1 0.338736 1 1080
-17 -1 0.342075 1 143330
