151
0.807619
0.626234
0.619649
0.588791
0.542016
0.547491
0.398594
0.485802
0.437864
0.409989
0.420547
0.387601
0.440998
0.392324
0.447589
0.374269
0.389317
0.40399
0.37512
0.397976
0.363946
0.382302
0.365223
0.371842
0.385616
0.340538
0.341387
0.369435
0.364307
0.361674
0.342554
0.36987
0.399233
0.352252
0.395424
0.321079
0.347496
0.362705
0.375778
0.360973
0.347435
0.308691
0.303226
0.372712
0.362005
0.341826
0.345955
0.342207
0.333963
0.334608
0.342899
0.345742
0.303957
0.284546
0.351955
0.333287
0.337659
0.337061
0.352631
0.336175
0.372169
0.309995
0.327449
0.332658
0.349248
0.370873
0.39644
0.334234
0.330972
0.327645
0.355516
0.330756
0.318356
0.328043
0.301597
0.319193
0.312773
0.31258
0.333787
0.34778
0.380669
0.295094
0.340302
0.317281
0.314514
0.295896
0.304103
0.306502
0.303369
0.339969
0.323457
0.32489
0.365336
0.317107
0.274312
0.277896
0.298829
0.31746
0.278272
0.290537
0.301661
0.297675
0.328806
0.310156
0.316713
0.317666
0.314449
0.292932
0.337455
0.329981
0.326282
0.288369
0.320881
0.279324
0.311216
0.324543
0.279263
0.271645
0.311233
0.314129
0.310559
0.331944
0.296535
0.288086
0.331076
0.300471
0.27767
0.294077
0.289998
0.287464
0.327172
0.298036
0.276877
0.268269
0.272111
0.291281
0.342676
0.300912
0.301036
0.28741
0.304884
0.300659
0.28543
0.316
0.35911
0.309794
0.31595
0.308808
0.317445
0.322583
0.318142
93 1 0.165863 1 9286
-146 -1 0.222273 1 141649
-140 -1 0.224558 1 86853
-186 -1 0.235487 1 161435
-12 -1 0.252744 1 28082
-56 -1 0.250681 1 25141
-27 -1 0.310627 1 33432
10086 1 0.274561 1 114971
0 1 0.294064 1 99296
-23 -1 0.305768 1 107420
25 1 0.301304 1 161811
-145 -1 0.315355 1 1565
14 1 0.292764 1 86790
5 1 0.313319 1 30085
1711 -1 0.290043 1 123610
1 -1 0.32114 1 96481
-65 -1 0.314614 1 71136
18 1 0.308321 1 73177
-3 -1 0.320769 1 141600
-32 -1 0.310892 1 145966
-117 -1 0.325658 1 74381
-45 -1 0.317648 1 25
5 1 0.325097 1 159097
78 1 0.322199 1 107505
266 1 0.316213 1 28456
-11 -1 0.336021 1 162318
-46 -1 0.335642 1 90789
-147 -1 0.323251 1 105856
-22 1 0.325499 1 96869
41 1 0.326656 1 3288
-179 1 0.335122 1 151064
70 1 0.323061 1 146876
-193 1 0.310354 1 157696
111 1 0.330815 1 30107
69 1 0.311987 1 104993
-33 -1 0.344759 1 153887
-45 -1 0.332923 1 42771
-42 -1 0.326203 1 90700
7187 -1 0.320482 7 114524
-7 -1 0.326964 1 31252
-7 -1 0.33295 1 141601
237 1 0.350377 1 34139
-1 -1 0.352869 1 1728
17 1 0.321819 1 74064
34 -1 0.326511 1 22089
-38 -1 0.335446 1 74124
-11 -1 0.333608 1 14861
-374 -1 0.335277 1 141639
-9 -1 0.338961 1 162303
-49 -1 0.338672 1 86973
-56 -1 0.334969 1 112572
13 1 0.333703 1 29677
-4 -1 0.352535 1 157871
15 1 0.361446 1 106445
99 1 0.330946 1 142644
5 -1 0.339265 1 100861
7 1 0.337307 1 32508
-34 -1 0.337575 1 105925
-101 1 0.330646 1 25746
7097 1 0.337971 1 115266
-2 -1 0.322056 1 5299
113 1 0.349784 1 111666
0 1 0.341887 1 113994
-78 -1 0.339547 1 111897
-49 1 0.332146 1 153600
-176 -1 0.322622 1 141611
78 -1 0.311551 1 152633
175 1 0.33884 1 107355
149 -1 0.340303 1 159589
-86 -1 0.341798 1 141816
-388 1 0.329371 1 155580
-8 -1 0.3404 1 142980
-47 -1 0.34599 1 153887
-37 -1 0.341619 1 40026
-14 -1 0.353613 1 41763
-8 -1 0.345612 1 93432
2 1 0.348521 1 161580
-1 -1 0.348609 1 98495
2 1 0.33904 1 156204
-69 -1 0.332797 1 110997
-720 1 0.318356 1 149669
624 1 0.356592 1 117956
-141 1 0.336126 1 159791
-45 -1 0.346477 1 159337
62 1 0.347731 1 143246
-17 -1 0.356224 1 14861
485 -1 0.352468 1 116284
7 1 0.351374 1 105743
820 1 0.352804 1 65531
-23 -1 0.336275 1 360
3 1 0.343685 1 4481
-16 -1 0.343039 1 72360
84 -1 0.325047 1 30421
30 1 0.346555 1 143172
-41 -1 0.366184 1 31249
-7 -1 0.364521 1 89925
-6 -1 0.35488 1 141600
1 -1 0.346396 1 146101
-6 -1 0.364348 1 162318
-26 -1 0.358686 1 112696
5 1 0.353584 1 29676
6070 1 0.355408 1 114597
267 -1 0.341276 1 127476
0 1 0.34971 1 106950
-80 -1 0.346734 1 110967
-8 -1 0.346303 1 92211
3 1 0.347761 1 109303
20 1 0.357584 1 161430
-55 1 0.337398 1 153296
296 1 0.340748 1 41049
-74 1 0.342412 1 144874
172 1 0.359684 1 110820
-241 1 0.344848 1 85836
29 1 0.36386 1 107675
860 -1 0.349228 1 88042
-16 -1 0.343195 1 159361
-53 -1 0.363889 1 149954
-41 -1 0.367423 1 141660
-9 1 0.349221 1 101395
-29 -1 0.347906 1 161403
6 -1 0.349527 1 93969
30 1 0.339867 1 87657
-191 -1 0.355931 1 1567
-13 -1 0.359814 1 74220
-1 1 0.340256 1 107995
-3 -1 0.354128 1 0
-130 -1 0.364627 1 5653
-23 -1 0.357058 1 107411
-161 -1 0.358934 1 112493
-44 -1 0.360101 1 162279
-3 1 0.342011 1 152978
27 1 0.355243 1 17894
109 1 0.364994 1 76501
-129 -1 0.368993 1 87612
-5 1 0.367206 1 110399
109 1 0.358343 1 12977
-11 1 0.335068 1 106505
-106 -1 0.353927 1 71076
20 1 0.35387 1 27642
13 1 0.360125 1 152937
95 1 0.352112 1 107495
-3 -1 0.354042 1 162020
-2 -1 0.361038 1 25920
-130 -1 0.347057 1 2462
19 -1 0.327785 1 24481
-33 -1 0.349875 1 108848
26 1 0.34708 1 150310
-26 -1 0.350324 1 146746
125 -1 0.346403 1 85956
21 1 0.34408 1 157872
41 1 0.346087 1 102069
