51
0.90496
0.683191
0.65464
0.593254
0.53681
0.554223
0.436554
0.477169
0.480198
0.389595
0.399482
0.426075
0.43329
0.40885
0.38949
0.461132
0.39592
0.359736
0.398376
0.421384
0.369996
0.434425
0.356846
0.413633
0.344819
0.339996
0.358154
0.366288
0.32494
0.318991
0.32286
0.328936
0.33226
0.333623
0.356458
0.335981
0.315307
0.32565
0.362882
0.32739
0.302198
0.38521
0.300919
0.35823
0.309265
0.406426
0.356432
0.356601
0.364535
0.324953
0.344246
83 1 0.140648 1 6088
-147 -1 0.203205 1 141649
-140 -1 0.212607 1 86853
-176 -1 0.233884 1 161423
-10 -1 0.254715 1 28082
-22 -1 0.248161 1 29412
39 1 0.294608 1 86820
173 1 0.278013 1 96901
33 1 0.276799 1 42761
-69 -1 0.314495 1 159317
-14 -1 0.310247 1 96385
-8 -1 0.298982 1 3456
-11 -1 0.295966 1 33492
-116 -1 0.306252 1 92896
102 1 0.31454 1 33706
124 1 0.284497 1 28594
5 1 0.311774 1 3386
-64 -1 0.327509 1 141672
-32 -1 0.310721 1 150239
-3 -1 0.300952 1 141600
4 1 0.323006 1 103862
-19 -1 0.295494 1 108844
78 1 0.328783 1 107505
146 -1 0.304223 1 148530
-47 -1 0.334113 1 107375
-59 -1 0.336263 1 1347
638 1 0.328207 1 63260
22 -1 0.32463 1 94185
-38 -1 0.343017 1 162305
3 1 0.345703 1 161280
215 -1 0.343955 1 69162
-171 1 0.341218 1 158470
119 1 0.339725 1 111609
-31 -1 0.339114 1 149953
-130 -1 0.328955 1 5653
50 1 0.338058 1 73177
306 1 0.347371 1 22833
-31 -1 0.342697 1 71352
0 -1 0.326125 1 153625
-2 -1 0.341913 1 112458
27 1 0.353339 1 73980
5 1 0.316388 1 142742
-66 -1 0.353923 1 110961
6 1 0.328173 1 153002
3685 1 0.350116 1 117802
-67 -1 0.307283 1 74381
-277 1 0.328966 1 152316
5901 1 0.328892 1 119594
418 -1 0.325399 1 155437
2382 -1 0.343011 1 117463
20 1 0.334369 1 112805
