131
0.817053
0.629979
0.622866
0.600746
0.53836
0.517638
0.41568
0.446604
0.430434
0.401234
0.439985
0.407503
0.467047
0.391092
0.369655
0.454914
0.412017
0.473413
0.346034
0.41388
0.373696
0.395803
0.361015
0.364576
0.39102
0.384676
0.364506
0.381704
0.342562
0.34416
0.365125
0.366773
0.388766
0.332533
0.393482
0.37935
0.346733
0.353887
0.32621
0.325488
0.370265
0.322503
0.320313
0.344388
0.313131
0.343794
0.380572
0.340755
0.375973
0.36056
0.329684
0.314388
0.319325
0.308513
0.316283
0.311798
0.330628
0.339213
0.321546
0.309031
0.296679
0.324441
0.303264
0.306105
0.339069
0.287309
0.375978
0.343336
0.313854
0.362444
0.315328
0.373277
0.286334
0.293184
0.348054
0.317827
0.310409
0.303729
0.32917
0.334888
0.320529
0.296326
0.337172
0.338008
0.304329
0.380039
0.305462
0.308013
0.353813
0.317544
0.321715
0.326337
0.320274
0.331303
0.292571
0.312901
0.276398
0.327706
0.307448
0.352704
0.318819
0.321262
0.322997
0.306826
0.308679
0.306486
0.318314
0.323982
0.337132
0.304748
0.286618
0.343159
0.296236
0.314101
0.343014
0.279828
0.324211
0.328622
0.282266
0.345631
0.296135
0.31878
0.297323
0.301906
0.285338
0.288263
0.319263
0.316583
0.331909
0.281475
0.281081
93 1 0.163269 1 9286
-114 -1 0.220981 1 141649
-419 -1 0.22344 1 86813
-186 -1 0.23121 1 161435
-12 -1 0.254127 1 28082
-26 -1 0.262062 1 29412
43 1 0.303358 1 143076
8 1 0.290448 1 101395
37 1 0.297158 1 161811
-40 -1 0.309498 1 107425
-43 -1 0.293184 1 90700
-205 -1 0.306825 1 27761
-35 -1 0.282095 1 24
0 1 0.313849 1 113983
104 1 0.323155 1 31979
3 -1 0.287035 1 98572
4308 1 0.304908 1 117809
-15 -1 0.279524 1 11934
-27 -1 0.333573 1 71688
2 1 0.304119 1 30682
19 1 0.32139 1 3290
2536 -1 0.311824 4 119450
-48 -1 0.326946 1 1539
19 1 0.325381 1 159057
95 1 0.31388 1 107420
-124 -1 0.316619 1 83954
22 1 0.325412 1 86730
-163 1 0.317907 1 158470
-17 -1 0.335119 1 162315
82 1 0.334407 1 142716
2 1 0.32514 1 102975
91 1 0.324417 1 73800
-55 -1 0.314852 1 151535
2 1 0.339602 1 31957
14509 1 0.312821 1 117292
-399 1 0.318929 1 152316
-146 -1 0.333262 1 105926
-51 -1 0.330091 1 90798
13 1 0.342444 1 153002
-46 -1 0.34277 1 42771
-1 -1 0.322888 1 42112
-30 -1 0.344116 1 162292
19 1 0.345105 1 104998
-23 -1 0.334305 1 146516
-14 -1 0.348358 1 96385
-4 -1 0.33457 1 141600
-275 1 0.318398 1 79708
70 1 0.335925 1 73177
-28 -1 0.320397 1 71352
-33 -1 0.327146 1 93352
228 1 0.340882 1 27474
6 -1 0.347788 1 148588
1536 -1 0.345552 1 128768
6 1 0.350458 1 142742
13 1 0.346929 1 112095
-50 -1 0.348964 1 112540
-1 1 0.340458 1 106495
-15 -1 0.336613 1 86850
7 1 0.344548 1 25451
-2 -1 0.350222 1 143028
-8 -1 0.355865 1 92211
18 1 0.343242 1 3384
0 1 0.352852 1 159139
-20 -1 0.351555 1 84900
5 1 0.336677 1 152884
-44 1 0.360172 1 94445
5326 1 0.320395 2 116268
77 -1 0.334774 1 101395
64 1 0.34803 1 144639
19 -1 0.326318 1 24481
-65 -1 0.347362 1 110997
63 1 0.321573 1 13475
-8 -1 0.360621 1 141601
141 1 0.357469 1 2815
-68 -1 0.332676 1 160629
6 -1 0.346229 1 100693
-34 -1 0.349595 1 31735
6897 -1 0.352639 4 114524
-501 1 0.341113 1 155643
105 1 0.338547 1 107565
-67 -1 0.345007 1 408
-15 -1 0.356027 1 41044
-10 1 0.337525 1 99296
5 1 0.337151 1 157866
10 -1 0.352365 1 93985
-29 -1 0.318629 1 105995
-1 1 0.351848 1 106510
20 1 0.350686 1 86790
355 -1 0.330124 1 158898
130 1 0.346358 1 18592
-1 -1 0.344472 1 25920
205 1 0.342387 1 70632
115 1 0.345123 1 71940
4 1 0.340154 1 104574
32 1 0.35775 1 42761
1983 -1 0.348463 1 125302
-17 -1 0.365216 1 108844
19 1 0.341771 1 29606
-105 1 0.350943 1 27825
2097 1 0.330614 1 115256
-367 -1 0.345781 1 86843
-83 -1 0.344676 1 141816
-5 -1 0.343893 1 5299
-229 -1 0.351227 1 148408
-27 -1 0.350383 1 49
68 1 0.351382 1 107570
-5 -1 0.346009 1 17645
-24 -1 0.343449 1 74088
4 1 0.337542 1 32400
31 1 0.352174 1 76424
-163 -1 0.36049 1 144922
125 -1 0.334853 1 28304
16 1 0.356068 1 161265
-7 -1 0.347918 1 107675
-22 -1 0.334917 1 27136
37 -1 0.363627 1 151900
898 1 0.343345 1 22032
-6 -1 0.341359 1 31331
1476 1 0.362499 1 136837
-31 -1 0.333752 1 86943
101 1 0.356114 1 74028
-6 -1 0.345798 1 162318
-1 -1 0.355569 1 153114
-15 -1 0.353472 1 161732
-7 -1 0.361081 1 141601
-1 1 0.359732 1 107995
-90 -1 0.34558 1 71148
78 -1 0.346793 1 152633
-128 -1 0.339882 1 25853
32 1 0.362865 1 76707
94 1 0.363048 1 151337
