101
0.843894
0.645856
0.629766
0.595554
0.544954
0.539748
0.427279
0.504423
0.408566
0.417455
0.382564
0.395958
0.394012
0.410107
0.396683
0.360795
0.41313
0.373764
0.419025
0.383387
0.404944
0.356035
0.357454
0.40103
0.35534
0.317258
0.331242
0.344405
0.336249
0.359109
0.386837
0.342424
0.337282
0.344224
0.373405
0.394797
0.333649
0.304241
0.334449
0.331807
0.347164
0.330648
0.345063
0.315195
0.377617
0.316435
0.386062
0.317865
0.313263
0.355457
0.320507
0.299388
0.340027
0.343773
0.349399
0.326134
0.308095
0.313856
0.316801
0.337838
0.335543
0.354246
0.301235
0.293422
0.353856
0.300399
0.307246
0.341891
0.371491
0.31438
0.311333
0.300809
0.324155
0.340483
0.342352
0.320343
0.296582
0.321273
0.33313
0.281
0.286552
0.308352
0.391035
0.293338
0.297764
0.300883
0.294502
0.390022
0.295029
0.361882
0.307345
0.299039
0.313242
0.306165
0.34034
0.29672
0.284337
0.330126
0.302014
0.301981
0.355258
81 1 0.156067 1 9285
-147 -1 0.215563 1 141649
-140 -1 0.221054 1 86853
-188 -1 0.233061 1 161423
-10 -1 0.251636 1 28082
-63 -1 0.253601 1 22789
11682 1 0.298478 1 114987
-16 -1 0.267206 1 31683
55 1 0.306373 1 104490
12 1 0.302608 1 43050
1805 -1 0.317534 1 121396
4 1 0.311757 1 3386
-33 -1 0.312593 1 108796
3 -1 0.305718 1 96385
-3 -1 0.311446 1 0
-63 -1 0.327043 1 141672
8 1 0.304437 1 104793
104 1 0.32136 1 15858
5 1 0.301946 1 32508
56 1 0.317177 1 107560
-8 -1 0.307914 1 90870
-19 -1 0.329141 1 106176
-11 -1 0.328515 1 2115
46 1 0.309585 1 86760
-49 -1 0.329449 1 86973
-5 -1 0.346487 1 146496
-12 -1 0.340182 1 156861
-27 -1 0.334298 1 162293
-115 1 0.337938 1 159119
-8 -1 0.327785 1 141600
3 1 0.315685 1 144375
23 1 0.33518 1 76578
-55 -1 0.337475 1 161909
-6 1 0.334378 1 99297
-83 -1 0.321517 1 73944
0 1 0.312256 1 33685
-585 -1 0.339102 1 141689
-26 -1 0.352405 1 146746
16 -1 0.338744 1 88892
-153 -1 0.339928 1 105926
-6 -1 0.333071 1 11932
116 1 0.340449 1 107425
-106 -1 0.334005 1 142375
5216 -1 0.347422 1 119252
77 -1 0.319682 1 101395
873 1 0.34686 1 65487
20 -1 0.31602 1 24481
2 1 0.346213 1 156204
-68 -1 0.348298 1 110955
2 1 0.329397 1 100080
14 1 0.345017 1 143208
-15 -1 0.354624 1 42769
-1 1 0.336249 1 106495
13 1 0.334579 1 29677
-68 -1 0.332079 1 160629
8 -1 0.342479 1 98474
-42 -1 0.350649 1 112540
-56 -1 0.34803 1 83982
-30 -1 0.346694 1 48
486 1 0.337227 1 21454
-28 -1 0.338254 1 71904
-16 -1 0.329932 1 93504
-2 -1 0.353779 1 25920
164 1 0.357359 1 72504
-124 -1 0.330104 1 4954
-17 -1 0.354161 1 162315
-43 -1 0.351035 1 153887
136 1 0.335418 1 30108
-8 1 0.322352 1 27945
-4 -1 0.347792 1 70800
80 1 0.349175 1 18023
81 1 0.353974 1 107575
-4 -1 0.34337 1 150235
-41 -1 0.336046 1 107425
-126 1 0.335212 1 152513
3 1 0.345091 1 144890
-65 -1 0.355909 1 25653
14 1 0.344671 1 86790
3 1 0.339335 1 6194
-3 -1 0.363085 1 155105
-49 1 0.360521 1 158470
6613 1 0.350531 2 116156
12 1 0.313874 1 158384
26 1 0.357398 1 99053
11 1 0.355368 1 112116
2 1 0.35394 1 112939
-106 -1 0.356863 1 111942
-460 1 0.31431 1 156598
116 1 0.356622 1 23015
362 -1 0.326565 1 154698
-55 -1 0.35099 1 86600
-399 1 0.354783 1 152316
673 1 0.348308 1 71065
-61 -1 0.351528 1 71064
231 -1 0.336109 1 154638
1867 -1 0.355846 1 44859
-48 -1 0.361543 1 42771
-215 1 0.340683 1 76409
0 -1 0.353423 1 100686
1256 1 0.353438 1 117872
48 1 0.329485 1 95837
