31
0.760161
0.604109
0.604752
0.549992
0.511738
0.529451
0.440741
0.440862
0.412704
0.496516
0.387599
0.429814
0.3891
0.363713
0.398224
0.398236
0.457097
0.347418
0.333857
0.344631
0.389273
0.390738
0.397999
0.351008
0.32382
0.363926
0.405992
0.380377
0.419553
0.3707
0.362648
102 1 0.179414 1 9287
-159 -1 0.230016 1 86793
-84 -1 0.229789 1 162015
-115 -1 0.249743 1 141649
-12 -1 0.264351 1 28082
-27 -1 0.257519 1 29412
-83 -1 0.292871 1 159262
-67 -1 0.29282 1 90700
-49 -1 0.304617 1 31749
-20 -1 0.270314 1 143329
248 1 0.315356 1 96749
36 1 0.297417 1 42761
2297 -1 0.314708 1 125308
39 1 0.32576 1 3288
13 1 0.310786 1 32400
-61 -1 0.310781 1 73944
-13 -1 0.286142 1 96385
-74 -1 0.332958 1 90816
-3 -1 0.339009 1 42112
-22 -1 0.334197 1 107420
-108 1 0.314633 1 73485
7248 1 0.314002 1 117922
6 1 0.310882 1 30085
47 1 0.331365 1 73489
4 1 0.343522 1 112939
128 1 0.325666 1 107500
-369 1 0.307468 1 154809
96 1 0.318483 1 33705
-32 -1 0.301723 1 150239
-43 -1 0.322698 1 42771
-20 1 0.326228 1 99296
