31
0.806747
0.627636
0.625641
0.592762
0.546494
0.553688
0.403508
0.480851
0.44155
0.408941
0.423081
0.432193
0.374364
0.423314
0.373288
0.399809
0.413384
0.395952
0.413509
0.389287
0.375349
0.405993
0.372178
0.40744
0.377056
0.335688
0.400488
0.366176
0.411265
0.391168
0.387522
93 1 0.166104 1 9286
-146 -1 0.221789 1 141649
-140 -1 0.222478 1 86853
-186 -1 0.23406 1 161435
-12 -1 0.251056 1 28082
-56 -1 0.24836 1 25141
-27 -1 0.308527 1 33432
10086 1 0.276537 1 114971
0 1 0.292536 1 99296
-23 -1 0.306214 1 107420
-145 -1 0.300239 1 1565
18 1 0.296424 1 3384
1711 -1 0.321098 1 123610
32 1 0.300141 1 161833
-3 -1 0.321568 1 96377
-16 -1 0.310107 1 74232
97 1 0.304329 1 98115
154 1 0.31176 1 72708
-7 -1 0.304276 1 162314
-41 -1 0.314627 1 93384
-46 -1 0.320669 1 42771
121 1 0.307467 1 24038
-23 -1 0.322052 1 72132
-5 -1 0.306852 1 17645
-3 -1 0.319926 1 0
-37 -1 0.338189 1 159900
212 -1 0.309817 1 156422
128 1 0.324679 1 18593
-407 1 0.305227 1 152237
55 1 0.313817 1 107625
-121 1 0.315389 1 94453
