31
0.824052
0.645508
0.625031
0.594226
0.544253
0.541988
0.437298
0.499081
0.407064
0.416609
0.384702
0.395704
0.395204
0.408241
0.395145
0.359967
0.445741
0.364571
0.402752
0.39858
0.367414
0.389126
0.361119
0.316008
0.331876
0.396629
0.338403
0.379301
0.356574
0.32759
0.373278
81 1 0.161365 1 9285
-147 -1 0.215681 1 141649
-140 -1 0.222689 1 86853
-188 -1 0.233536 1 161423
-10 -1 0.2519 1 28082
-63 -1 0.252754 1 22789
11682 1 0.294299 2 114987
-16 -1 0.269303 1 31683
55 1 0.307012 1 104490
12 1 0.302965 1 43050
1805 -1 0.316608 1 121396
4 1 0.311866 1 3386
-33 -1 0.312081 1 108796
3 -1 0.306511 1 96385
-3 -1 0.312106 1 0
-83 -1 0.327408 1 141816
8 1 0.290804 1 104793
-17 -1 0.325383 1 145795
46 1 0.308849 1 86760
-54 -1 0.310633 1 90618
20 1 0.324136 1 30565
-38 -1 0.314697 1 111072
5 1 0.326901 1 162238
20 1 0.347053 1 17894
29 1 0.339897 1 143244
-19 -1 0.31147 1 11934
94 1 0.336975 1 18593
320 -1 0.31895 1 144468
132 1 0.328904 1 111612
1 1 0.341823 1 103196
-31 -1 0.321572 1 111933
