31
0.800828
0.625129
0.621822
0.591712
0.545982
0.553297
0.400324
0.485261
0.439061
0.409714
0.422395
0.392173
0.441132
0.39297
0.446707
0.375192
0.389322
0.405472
0.376848
0.398349
0.364106
0.383374
0.365249
0.372631
0.38489
0.339837
0.342957
0.36969
0.36388
0.361413
0.343793
93 1 0.16775 1 9286
-146 -1 0.222656 1 141649
-140 -1 0.223802 1 86853
-186 -1 0.234437 1 161435
-12 -1 0.251249 1 28082
-56 -1 0.248506 1 25141
-27 -1 0.309887 1 33432
10086 1 0.274776 1 114971
0 1 0.293567 1 99296
-23 -1 0.305885 1 107420
25 1 0.300527 1 161811
-145 -1 0.313384 1 1565
14 1 0.292709 1 86790
5 1 0.313041 1 30085
1711 -1 0.290406 1 123610
1 -1 0.320738 1 96481
-65 -1 0.314612 1 71136
18 1 0.307689 1 73177
-3 -1 0.320016 1 141600
-32 -1 0.310732 1 145966
-117 -1 0.325587 1 74381
-45 -1 0.317183 1 25
5 1 0.325086 1 159097
78 1 0.321855 1 107505
266 1 0.316527 1 28456
-11 -1 0.336334 1 162318
-46 -1 0.334943 1 90789
-147 -1 0.32314 1 105856
-22 1 0.325686 1 96869
41 1 0.326771 1 3288
-179 1 0.33457 1 151064
