31
0.962634
0.710642
0.656683
0.588505
0.559808
0.513194
0.440357
0.466873
0.441496
0.452779
0.385248
0.459348
0.392586
0.397549
0.425842
0.430146
0.38425
0.395367
0.388171
0.359863
0.426914
0.360081
0.404835
0.401084
0.354224
0.340308
0.384054
0.367037
0.334082
0.337781
0.366046
83 1 0.127275 1 6088
-274 -1 0.19446 1 86803
-115 -1 0.211924 1 141649
-186 -1 0.23559 1 161435
-22 -1 0.246082 1 25924
-26 -1 0.263785 1 29412
17 1 0.29303 1 99297
-33 -1 0.282165 1 108796
-206 -1 0.292558 1 27701
18 1 0.28791 1 3384
-173 -1 0.316372 1 88055
-77 -1 0.285224 1 141672
53 1 0.313206 1 98114
-8 -1 0.311075 1 141600
5 -1 0.29908 1 98579
64 1 0.297278 1 161813
7359 -1 0.316804 3 117167
-4 -1 0.312011 1 1
-5 -1 0.315109 1 17645
11 1 0.327453 1 86790
5 1 0.29863 1 30085
7 1 0.327357 1 32508
111 1 0.307961 1 30107
4 1 0.309562 1 43197
10 1 0.329942 1 73477
-78 -1 0.336124 1 71328
1 1 0.316888 1 153002
-12 -1 0.324302 1 156861
23 1 0.338908 1 161262
-1 1 0.337252 1 106495
113 1 0.324736 1 71700
