31
0.755086
0.604866
0.590589
0.583666
0.536164
0.531219
0.413798
0.439433
0.391006
0.41712
0.381122
0.390318
0.419127
0.406354
0.383692
0.429375
0.361958
0.379424
0.378142
0.386195
0.398689
0.377339
0.361802
0.350323
0.3542
0.402397
0.345304
0.359819
0.371325
0.356663
0.364215
93 1 0.180913 1 9286
-146 -1 0.229748 1 141649
-419 -1 0.234841 1 86813
-186 -1 0.237338 1 161435
-12 -1 0.254961 1 28082
-56 -1 0.256844 1 25141
-22 -1 0.304154 1 141602
-27 -1 0.293413 1 33432
45 1 0.313886 1 86760
5 1 0.302749 1 101395
64 1 0.318159 1 161813
-49 -1 0.314183 1 93200
-23 -1 0.301903 1 107420
-74 -1 0.307314 1 1756
-42 -1 0.317045 1 71388
-14 -1 0.2976 1 96385
27 1 0.326531 1 73473
100 1 0.318896 1 73680
46 1 0.319453 1 21618
109 1 0.315963 1 30107
28 1 0.310587 1 2712
-48 -1 0.319803 1 90789
-29 -1 0.3266 1 162299
0 1 0.331669 1 3409
71 1 0.329953 1 107630
5 1 0.309001 1 159097
-5 -1 0.333898 1 14860
-26 -1 0.327473 1 74256
63 1 0.322425 1 101385
-50 -1 0.328864 1 112540
-171 1 0.325539 1 158470
