31
0.771497
0.613235
0.592716
0.586682
0.533971
0.548597
0.418692
0.425701
0.415747
0.416497
0.478965
0.400586
0.390523
0.404884
0.437627
0.407502
0.370886
0.387081
0.418609
0.387043
0.365042
0.394129
0.375237
0.368741
0.378745
0.375392
0.411582
0.337391
0.34672
0.343099
0.385175
96 1 0.1761 1 6088
-153 -1 0.2268 1 141649
-140 -1 0.234077 1 86853
-186 -1 0.236247 1 161435
-12 -1 0.255795 1 28082
-26 -1 0.250266 1 29412
35 1 0.302086 1 143076
17 1 0.299139 1 99297
42 1 0.303329 1 161811
13056 1 0.303012 1 114995
5 1 0.277293 1 30085
2100 -1 0.309775 2 123508
-184 -1 0.314094 1 25516
-33 -1 0.30794 1 108796
4 -1 0.294162 1 98579
-116 -1 0.306825 1 92896
-36 -1 0.322617 1 107425
-12 -1 0.315579 1 14862
-18 -1 0.302121 1 1
51 1 0.315596 1 95845
162 1 0.325176 1 20530
2 1 0.312543 1 30682
-28 -1 0.320718 1 162293
81 1 0.323555 1 107575
3 1 0.319192 1 157636
-63 -1 0.320651 1 71160
-124 -1 0.305092 1 4954
76 1 0.337427 1 73177
10 1 0.333268 1 113597
229 -1 0.334879 1 156422
11 1 0.316403 1 86790
