31
0.784578
0.622033
0.608115
0.566974
0.553122
0.549616
0.450879
0.426518
0.540575
0.388616
0.446234
0.394576
0.398547
0.386926
0.394561
0.384817
0.40574
0.367458
0.369176
0.370622
0.390983
0.391309
0.412574
0.416002
0.330781
0.336934
0.401325
0.390199
0.368588
0.353206
0.335267
102 1 0.172337 1 9287
-274 -1 0.223729 1 86803
-84 -1 0.228601 1 162015
-163 -1 0.243433 1 141649
-12 -1 0.248572 1 28082
-56 -1 0.249884 1 22789
-83 -1 0.288689 1 159262
10011 1 0.298796 1 115123
-7 -1 0.253288 1 33492
27 1 0.314917 1 95981
-8 -1 0.290601 1 3456
4115 -1 0.312351 2 121304
21 1 0.310647 1 42761
-58 -1 0.315646 1 90700
-12 -1 0.312357 1 31241
-154 -1 0.316558 1 105856
-75 -1 0.307575 1 1756
10 1 0.324117 1 3288
-63 -1 0.323365 1 112444
-42 -1 0.322732 1 147454
14 1 0.313896 1 86790
-416 -1 0.313756 1 83074
-29 -1 0.304672 1 74172
0 1 0.303221 1 113994
13 1 0.340389 1 162197
17 1 0.337631 1 74064
186 1 0.309459 1 96654
138 1 0.314234 1 30108
0 1 0.323622 1 159139
1 -1 0.330392 1 100868
-2 -1 0.338377 1 70800
