31
0.81653
0.629684
0.61666
0.596579
0.531514
0.54616
0.4513
0.488812
0.400507
0.406139
0.422029
0.41819
0.472085
0.388034
0.416187
0.426795
0.403998
0.456052
0.447618
0.327255
0.404678
0.402434
0.344529
0.415297
0.406964
0.376057
0.343058
0.38199
0.327751
0.386862
0.361512
96 1 0.163412 1 6088
-132 -1 0.221083 1 141649
-140 -1 0.225601 1 86853
-188 -1 0.232694 1 161423
-18 -1 0.256731 1 25924
-26 -1 0.251182 1 29412
8892 1 0.288517 1 115259
-16 -1 0.273363 1 31683
32 1 0.309809 1 161833
1649 -1 0.307405 1 123610
9 1 0.300681 1 43197
173 1 0.302298 1 96901
-33 -1 0.280059 1 108796
12 1 0.315168 1 3384
-1 -1 0.303143 1 96377
-4 -1 0.29868 1 141600
-4 -1 0.308318 1 90861
-11 -1 0.28657 1 71628
-35 -1 0.290031 1 11638
5 1 0.341974 1 159097
104 1 0.308028 1 107425
16 1 0.308985 1 30565
-8 -1 0.334243 1 3456
340 -1 0.303519 1 24196
111 1 0.307054 1 30107
-9 1 0.320361 1 113987
14 1 0.334898 1 86790
-28 -1 0.317783 1 151534
-448 -1 0.341751 1 74311
83 1 0.315674 1 142728
1 1 0.326727 1 153002
