21
0.84226
0.650664
0.626918
0.581534
0.564415
0.53934
0.43053
0.472724
0.418678
0.454474
0.390104
0.401539
0.434193
0.430583
0.379209
0.389211
0.37783
0.383412
0.377198
0.410216
0.333466
93 1 0.156498 1 9286
-274 -1 0.213942 1 86803
-171 -1 0.222037 1 141649
-62 -1 0.23811 1 161735
-12 -1 0.244377 1 28082
-56 -1 0.253756 1 25141
-22 -1 0.297118 1 141602
-25 -1 0.279801 1 31683
-41 -1 0.302092 1 107425
-38 -1 0.287215 1 93352
-30 -1 0.314275 1 162299
305 1 0.309368 1 98982
106 1 0.29559 1 107565
34 1 0.297096 1 26600
35 1 0.31899 1 143076
-13 -1 0.31466 1 96385
-32 -1 0.319589 1 161285
56 1 0.317166 1 73473
16 1 0.319864 1 86790
1 1 0.305672 1 112939
-127 -1 0.339184 1 86962
