181
0.728654
0.56957
0.565827
0.54713
0.525327
0.496426
0.427898
0.437399
0.416808
0.415371
0.385061
0.431955
0.447103
0.37515
0.425397
0.373568
0.378408
0.387403
0.443278
0.395569
0.372503
0.462359
0.411645
0.384206
0.371392
0.382424
0.364096
0.363473
0.346924
0.374225
0.36886
0.378046
0.375505
0.33762
0.345015
0.314638
0.366606
0.346995
0.363172
0.348604
0.30955
0.353626
0.320843
0.332697
0.324914
0.316834
0.305901
0.355963
0.323775
0.344506
0.347445
0.354491
0.332794
0.327869
0.35888
0.30222
0.320292
0.304676
0.309874
0.35394
0.35797
0.368873
0.316286
0.301667
0.295395
0.304104
0.311321
0.282057
0.291226
0.290162
0.271413
0.348127
0.300321
0.303691
0.297121
0.327544
0.318044
0.309811
0.317359
0.275703
0.289831
0.29904
0.302735
0.366993
0.269424
0.322585
0.301801
0.317999
0.324041
0.317692
0.302825
0.307119
0.333955
0.361259
0.309907
0.284083
0.349834
0.33362
0.284107
0.282675
0.318181
0.276418
0.291918
0.312803
0.339206
0.324194
0.309685
0.317082
0.307609
0.330255
0.303847
0.305162
0.303315
0.305301
0.329529
0.325283
0.301776
0.294604
0.303593
0.349691
0.286264
0.260978
0.291748
0.28705
0.283248
0.289472
0.319556
0.283694
0.290582
0.308803
0.30607
0.322012
0.334849
0.31248
0.331046
0.305957
0.286139
0.306771
0.303609
0.30108
0.324223
0.29713
0.304973
0.307465
0.306159
0.304163
0.29598
0.301934
0.354542
0.293002
0.350244
0.266398
0.291048
0.268894
0.301915
0.324709
0.290245
0.3543
0.292742
0.285376
0.301334
0.336954
0.304305
0.275299
0.286517
0.312206
0.301055
0.276426
0.275151
0.270766
0.286515
0.342829
0.284205
0.310419
0.292341
0.290296
0.343095
0.317158
0.289794
0.279585
0.329262
109 1 0.188879 1 9286
-274 -1 0.242478 1 86803
-198 -1 0.243856 1 161435
-114 -1 0.250817 1 141649
-12 -1 0.2591 1 28082
-8 -1 0.270349 1 31331
43 1 0.298218 1 143076
9 1 0.294257 1 104989
-39 -1 0.302881 1 107425
38 1 0.303488 1 161811
-173 -1 0.316453 1 27702
10033 1 0.296523 2 114971
-145 -1 0.290243 1 1565
104 1 0.320756 1 31979
3 -1 0.299266 1 98572
-4 -1 0.321446 1 0
9 1 0.319338 1 158419
-42 -1 0.31544 1 71652
-104 -1 0.291821 1 90772
8 1 0.311924 1 31957
106 1 0.321911 1 107565
25 1 0.283997 1 26600
-10 -1 0.305066 1 108892
-12 -1 0.316823 1 14862
39 1 0.322396 1 3288
83 1 0.317595 1 97199
3215 -1 0.325592 6 119324
-7 -1 0.325865 1 162318
-31 -1 0.333178 1 111933
-74 1 0.321159 1 158535
10472 1 0.323503 1 117852
-348 -1 0.319495 1 86843
-64 -1 0.320601 1 141672
36 1 0.337324 1 23010
-27 -1 0.334027 1 153887
-15 -1 0.347675 1 141612
-128 1 0.32449 1 94454
20 1 0.333146 1 86790
-1 -1 0.325997 1 42112
-46 -1 0.332431 1 149954
59 -1 0.349986 1 152633
-7 -1 0.330206 1 154073
-35 -1 0.344866 1 146516
-357 1 0.339529 1 151064
-44 -1 0.343028 1 42771
108 -1 0.346679 1 155506
-66 -1 0.351648 1 158521
17 -1 0.329173 1 24481
-26 -1 0.343542 1 74256
10 1 0.334253 1 142743
16 1 0.332946 1 74064
-447 1 0.329824 1 155515
64 1 0.339485 1 107630
-9 -1 0.341698 1 107675
-17 1 0.327887 1 104900
-6 -1 0.353329 1 146496
-13 -1 0.345115 1 96385
-53 -1 0.352207 1 162279
-47 -1 0.349839 1 90789
-281 1 0.330067 1 79708
836 1 0.328287 1 62819
408 -1 0.323497 1 88356
-68 -1 0.346927 1 384
12 1 0.353581 1 161544
-130 -1 0.356454 1 5653
-8 -1 0.352468 1 141601
1 1 0.349181 1 156183
330 1 0.362596 1 18980
-81 -1 0.358368 1 18436
-16 -1 0.358858 1 160424
-2 1 0.36753 1 108000
-15 -1 0.332643 1 86850
-3 -1 0.354197 1 94632
15 1 0.352657 1 86870
2581 -1 0.355662 6 116276
3 1 0.341844 1 6194
3 1 0.346131 1 80934
77 1 0.349868 1 107611
3 1 0.346441 1 157587
6 1 0.365538 1 113989
72 1 0.359011 1 144726
340 -1 0.354783 1 155439
1890 1 0.353093 1 62038
-146 1 0.32432 1 158470
33 1 0.368456 1 161406
10 1 0.344079 1 25442
-108 -1 0.35352 1 9022
24 1 0.346152 1 95981
-13 -1 0.343422 1 80703
-330 1 0.346291 1 25700
3 1 0.353052 1 145792
-24 -1 0.351093 1 31735
187 1 0.338965 1 33706
-7 -1 0.326839 1 89925
-47 -1 0.349824 1 152735
4 1 0.36166 1 73309
-83 -1 0.331886 1 73560
0 -1 0.339115 1 153625
1 1 0.361649 1 112939
-9 -1 0.36231 1 70812
8 -1 0.346069 1 112816
10 1 0.365207 1 3288
558 -1 0.35805 1 117181
78 -1 0.348507 1 152633
5556 1 0.336616 1 59462
-40 1 0.343353 1 153728
34 1 0.349925 1 42761
603 -1 0.346567 1 52804
122 1 0.35087 1 71712
-193 1 0.340625 1 157696
156 1 0.352585 1 107621
-8 1 0.351985 1 7747
-10 -1 0.352828 1 162173
129 -1 0.351922 1 25980
130 1 0.340951 1 110961
-40 -1 0.342862 1 20295
-33 -1 0.353531 1 110045
-10 -1 0.356817 1 28084
-190 -1 0.352701 1 105781
11 -1 0.331949 1 151962
7 1 0.360654 1 82100
118 1 0.372395 1 111672
-19 -1 0.358129 1 148578
-36 -1 0.360291 1 161361
360 -1 0.362046 1 141986
152 1 0.359176 1 72708
-67 -1 0.345447 1 74381
85 1 0.36184 1 107440
13 1 0.358665 1 15122
-20 -1 0.350326 1 106126
7 1 0.351571 1 6311
126 1 0.344338 1 12976
-39 1 0.338564 1 153152
4314 1 0.348654 1 117704
-8 -1 0.34027 1 27254
-6 -1 0.351623 1 41761
5 1 0.360711 1 159104
-29 -1 0.351252 1 74196
-3 1 0.352694 1 98948
16 1 0.35385 1 29677
12 1 0.34334 1 86790
-247 -1 0.355658 1 83864
-7 -1 0.352071 1 141600
-34 1 0.350935 1 23465
-5 -1 0.351531 1 146936
7 -1 0.352441 1 25653
-33 -1 0.356185 1 48
-80 -1 0.353459 1 142068
-80 -1 0.329801 1 11323
133 1 0.357552 1 30108
251 1 0.331704 1 70752
0 1 0.369865 1 113976
39 1 0.35845 1 143293
797 -1 0.368702 1 122674
4 1 0.353468 1 28965
0 -1 0.343121 1 100693
-71 -1 0.35882 1 70860
-19 1 0.329908 1 86096
13 1 0.357672 1 112095
-239 -1 0.361063 1 88099
-48 1 0.353733 1 159819
136 1 0.337622 1 110961
12 1 0.352376 1 29677
111 -1 0.365726 1 155972
-229 -1 0.360537 1 21092
1 -1 0.348779 1 98565
45 1 0.353861 1 43187
76 1 0.365203 1 143125
-21 -1 0.365794 1 89934
-10 1 0.367831 1 145400
33 1 0.360538 1 87657
-248 1 0.335 1 76409
855 -1 0.361604 1 84968
-23 -1 0.349591 1 86800
-2 -1 0.357856 1 96512
177 1 0.358796 1 107275
-198 1 0.334881 1 158072
-23 -1 0.346533 1 159196
-2 -1 0.359027 1 30254
133 1 0.363739 1 30108
19 1 0.341071 1 106509
