131
0.772939
0.602606
0.579065
0.581563
0.536098
0.541618
0.405795
0.414374
0.41838
0.480213
0.387889
0.360785
0.438786
0.396597
0.401164
0.370361
0.365294
0.444411
0.404253
0.342926
0.399977
0.354702
0.418312
0.357032
0.341582
0.370871
0.400358
0.373766
0.377938
0.34169
0.361281
0.325435
0.324147
0.343378
0.33563
0.360948
0.330757
0.352258
0.317808
0.334123
0.304614
0.41522
0.351997
0.314583
0.309342
0.347932
0.338811
0.337617
0.339768
0.364109
0.351149
0.328291
0.310928
0.341227
0.343557
0.324952
0.336476
0.323642
0.296184
0.308022
0.336559
0.303557
0.361822
0.361524
0.299893
0.300952
0.33727
0.287843
0.301493
0.2959
0.307601
0.297598
0.297145
0.284749
0.34569
0.309868
0.295892
0.3173
0.307015
0.29449
0.32952
0.294479
0.323046
0.303349
0.359598
0.349771
0.310976
0.312361
0.308123
0.306761
0.324283
0.337791
0.331096
0.330367
0.327242
0.344223
0.296686
0.276268
0.301137
0.338775
0.30713
0.290017
0.298012
0.305279
0.284692
0.298576
0.313895
0.327561
0.312967
0.30529
0.276646
0.289384
0.305637
0.288119
0.330136
0.302323
0.322479
0.314964
0.279051
0.306275
0.280109
0.297277
0.306672
0.275978
0.324335
0.368373
0.311032
0.298203
0.290297
0.305814
0.275963
96 1 0.175682 1 6088
-153 -1 0.230549 1 141649
-140 -1 0.239007 1 86853
-198 -1 0.2381 1 161435
-12 -1 0.254986 1 28082
-26 -1 0.252894 1 29412
30 1 0.307552 1 143076
9 1 0.30391 1 104989
10921 1 0.302217 3 114979
-176 -1 0.276793 1 27702
32 1 0.315231 1 161833
-40 -1 0.327047 1 107425
-32 -1 0.293681 1 90898
-28 -1 0.311483 1 24
12 1 0.309528 1 30086
2031 -1 0.322846 1 123508
-11 -1 0.325065 1 2115
-66 -1 0.291353 1 71136
3 -1 0.308209 1 98572
20 1 0.334957 1 86730
39 1 0.310035 1 24198
106 1 0.329731 1 107565
-11 -1 0.302246 1 92355
2 1 0.328702 1 113982
1 1 0.335555 1 156183
-33 -1 0.322623 1 108796
45 1 0.309872 1 100207
-13 -1 0.321359 1 146846
-31 -1 0.319542 1 152734
100 1 0.335507 1 71964
-36 -1 0.326829 1 1539
0 -1 0.342793 1 147636
-69 -1 0.343374 1 111000
288 -1 0.334755 1 142843
126 1 0.338215 1 12976
20 1 0.326975 1 101159
33 1 0.3404 1 15123
-18 -1 0.330812 1 162315
60 1 0.346238 1 73896
-19 -1 0.33889 1 29414
-41 -1 0.352235 1 73920
-761 1 0.303552 1 154635
-43 -1 0.330927 1 42771
311 -1 0.3477 1 153301
10 1 0.350081 1 161582
-382 1 0.33273 2 153469
8346 -1 0.336792 1 114364
53 -1 0.337326 1 24484
5530 1 0.336365 1 59462
2 1 0.325586 1 30682
3 1 0.331303 1 6699
-50 -1 0.341508 1 141936
-4 -1 0.34936 1 94632
-7 -1 0.335714 1 141600
10 1 0.334675 1 29677
-19 -1 0.343011 1 143341
4 1 0.337836 1 43197
-14 -1 0.343602 1 112674
24 1 0.356092 1 161262
-2 -1 0.350682 1 98495
-20 -1 0.337799 1 87819
-498 1 0.352718 2 15226
-190 -1 0.326591 1 144922
-1 1 0.326722 1 107995
-42 -1 0.354393 1 86680
16 -1 0.353908 1 151916
131 1 0.337481 1 111723
-10 -1 0.359926 1 142130
-5 -1 0.353661 1 25921
0 1 0.356222 1 76850
775 -1 0.350873 1 57339
-8 -1 0.355444 1 93432
-28 -1 0.355651 1 33031
5 1 0.361353 1 142742
177 1 0.333726 1 72504
-1 -1 0.349841 1 162321
-16 -1 0.356226 1 71436
0 -1 0.346468 1 100686
-2 -1 0.35114 1 152474
-16 -1 0.356869 1 141612
-20 -1 0.340955 1 31735
-38 -1 0.356874 1 142749
-16 -1 0.343871 1 109992
10 -1 0.352813 1 93993
-207 -1 0.32757 1 105861
34 1 0.331914 1 104999
32 1 0.349338 1 73477
29 1 0.348708 1 107675
9 1 0.350636 1 162198
63 1 0.351256 1 18022
-34 -1 0.343313 1 107455
252 1 0.337248 1 94342
-4 -1 0.340247 1 161720
148 -1 0.340575 1 161845
13187 1 0.34198 3 114821
-189 1 0.334379 1 155646
9 1 0.355861 1 161173
-49 -1 0.365276 1 151535
24 1 0.353824 1 86860
-45 1 0.336809 1 153464
-2 -1 0.351088 1 143328
-44 -1 0.358925 1 162293
115 -1 0.355254 1 150127
35 1 0.351932 1 42224
7 1 0.361379 1 157587
147 1 0.354996 1 143174
-3 1 0.348012 1 103195
-24 -1 0.341836 1 106115
-262 1 0.348433 1 158360
-19 -1 0.351927 1 161352
-1 -1 0.365101 1 154257
-108 -1 0.359216 1 31914
-46 -1 0.351769 1 87019
141 1 0.359799 1 18593
-1 -1 0.340679 1 5299
-78 -1 0.353281 1 142068
60 -1 0.344127 1 142367
-19 -1 0.347527 1 42770
-8 -1 0.363987 1 92211
13 1 0.351478 1 29677
-60 -1 0.363497 1 112550
-33 -1 0.35559 1 49
0 1 0.351297 1 112941
-3 -1 0.365411 1 96689
-62 -1 0.343289 1 73920
-49 1 0.323716 1 94445
-9 -1 0.349312 1 142980
-150 -1 0.355167 1 11949
0 1 0.358796 1 33685
-22 -1 0.351688 1 146516
23 1 0.365418 1 149022
