111
0.791277
0.615095
0.606531
0.584446
0.541625
0.549355
0.405059
0.447435
0.412936
0.427239
0.452811
0.45259
0.397894
0.385462
0.403239
0.381034
0.387947
0.404577
0.447652
0.346509
0.359339
0.380179
0.40743
0.416851
0.38389
0.3688
0.405366
0.339775
0.368707
0.338721
0.359292
0.387481
0.332568
0.345993
0.335891
0.340313
0.321797
0.358924
0.361336
0.376936
0.297687
0.35605
0.35752
0.302927
0.342549
0.320708
0.31699
0.366911
0.317305
0.335142
0.301938
0.348124
0.355033
0.333113
0.335238
0.366874
0.326419
0.340853
0.330317
0.300053
0.329338
0.321622
0.306379
0.316667
0.320187
0.323091
0.328475
0.310662
0.33668
0.336189
0.337123
0.29458
0.316376
0.279598
0.319549
0.351175
0.300734
0.314562
0.298366
0.303592
0.349251
0.33759
0.292795
0.282367
0.293021
0.308624
0.308481
0.35287
0.310497
0.338382
0.297646
0.303802
0.282712
0.288421
0.340924
0.361773
0.30139
0.296166
0.30204
0.319132
0.280274
0.305187
0.32796
0.33293
0.309025
0.337012
0.272285
0.316388
0.292946
0.318404
0.325784
93 1 0.170434 1 9286
-146 -1 0.226148 1 141649
-140 -1 0.22916 1 86853
-186 -1 0.237055 1 161435
-12 -1 0.252891 1 28082
-56 -1 0.249982 1 25141
43 1 0.307865 1 143076
17 1 0.290106 1 99297
-23 -1 0.304519 1 107420
5 1 0.298494 1 30085
9756 1 0.287897 2 115267
-145 -1 0.287987 1 1565
-31 -1 0.310927 1 162299
38 1 0.316279 1 161811
1691 -1 0.308641 1 123610
-3 -1 0.318197 1 0
-16 -1 0.315206 1 31683
-73 -1 0.308071 1 71160
-58 -1 0.290016 1 93392
-13 -1 0.333362 1 96385
116 1 0.327684 1 28727
106 1 0.318568 1 107565
-154 1 0.306856 1 159155
-33 -1 0.302863 1 108796
23 1 0.31696 1 95981
22 1 0.323529 1 86730
-11 -1 0.307734 1 14861
81 1 0.336362 1 142548
533 -1 0.32357 1 155439
46 1 0.336833 1 23011
73 1 0.327705 1 23631
-1 1 0.315407 1 107995
60 1 0.339587 1 73896
2 1 0.333592 1 113995
-49 -1 0.338098 1 151535
-8 -1 0.336122 1 146636
-36 -1 0.344435 1 71352
-101 1 0.327867 1 25746
1895 1 0.326805 1 62038
-49 -1 0.319978 1 86973
-508 1 0.355403 1 154431
4514 1 0.329135 1 116260
2 1 0.328486 1 30682
-31 -1 0.353006 1 86800
20 1 0.335124 1 73321
23 1 0.344927 1 104993
-198 -1 0.346609 1 143338
21 -1 0.324357 1 24481
-46 -1 0.346466 1 42771
1899 -1 0.338433 1 57718
-42 -1 0.353457 1 90700
-6 -1 0.332645 1 141600
-6 -1 0.329584 1 41447
-32 -1 0.339343 1 40910
-69 -1 0.33839 1 110997
-1 -1 0.324373 1 98495
10 1 0.342351 1 106445
-153 -1 0.335881 1 105926
13 1 0.340597 1 31513
255 -1 0.354319 1 156482
-5 -1 0.341037 1 146496
-10 -1 0.344514 1 8529
41 1 0.35143 1 3288
-6 -1 0.346755 1 162318
-47 -1 0.345162 1 8862
-69 -1 0.34385 1 161431
59 1 0.341425 1 102086
873 1 0.349481 1 65487
-1 -1 0.337745 1 553
-25 1 0.337964 1 1065
9 1 0.337547 1 159712
5 1 0.356827 1 161280
-9 -1 0.346887 1 92211
2 1 0.363734 1 103195
5272 -1 0.34545 2 119266
210 -1 0.331292 1 99289
14 1 0.354008 1 107670
-43 -1 0.347709 1 624
93 1 0.355092 1 156949
-193 1 0.352702 1 157696
-94 -1 0.332145 1 158486
-14 -1 0.337338 1 87217
-43 -1 0.357647 1 153887
7 1 0.362453 1 82100
-7 -1 0.357543 1 141601
109 1 0.350407 1 2817
-40 -1 0.350472 1 73920
-412 1 0.330541 1 151288
18 1 0.349556 1 74064
468 -1 0.336984 1 152059
21 1 0.355422 1 112095
1 1 0.352606 1 153026
44 1 0.362293 1 160333
-35 -1 0.35966 1 23383
103 1 0.335849 1 111000
-60 1 0.326613 1 153384
-66 -1 0.353708 1 112574
3 1 0.3561 1 6699
244 -1 0.353411 1 119407
1 -1 0.345639 1 98565
-45 -1 0.363421 1 159337
-30 -1 0.351974 1 93496
-55 -1 0.341657 1 40180
-355 1 0.339424 1 151064
-80 -1 0.350225 1 142068
70 -1 0.337596 1 98567
29 1 0.367125 1 143244
-41 -1 0.346881 1 74393
1 1 0.357578 1 7738
7 1 0.345968 1 87990
-249 1 0.342636 1 76409
