21
0.0340195
0.0292817
0.0298469
0.0317798
0.0302794
0.0291614
0.0306203
0.029719
0.0275106
0.0247763
0.026728
0.027087
0.0265396
0.0320115
0.0271678
0.0280642
0.0327557
0.0254433
0.0291224
0.0270873
0.0297737
462 1 0.482997 1 114554
134 1 0.485363 1 103326
-1 -1 0.485081 1 147926
-20 1 0.484115 1 153474
8 1 0.484865 1 158911
-46 1 0.485423 1 8531
-56 -1 0.484695 1 161271
-194 1 0.485145 1 112741
44 1 0.486248 1 158723
193 -1 0.487614 1 153746
-401 -1 0.486639 2 144845
0 1 0.48646 1 149216
-202 -1 0.486733 1 16736
6 -1 0.484 1 158472
134 1 0.486419 1 153606
2137 -1 0.485972 1 133270
-117 -1 0.483628 1 155641
-114 1 0.487281 1 4682
-11 -1 0.485443 1 33649
555 1 0.48646 6 101729
121 -1 0.485118 1 107158
