81
0.0191102
0.0242077
0.0192208
0.0230345
0.0202263
0.021375
0.0226503
0.0207985
0.0215058
0.0211952
0.0206134
0.0218943
0.0206303
0.0201592
0.0183009
0.0185255
0.0193112
0.0197702
0.0203823
0.0214064
0.0198002
0.0212201
0.0197911
0.0191359
0.0185149
0.0185416
0.0187526
0.0196767
0.0198236
0.0185069
0.0180846
0.0201715
0.0180255
0.0204248
0.019173
0.019571
0.0199859
0.0178052
0.0184388
0.0196953
0.017677
0.0179495
0.0204655
0.0223238
0.019031
0.0185444
0.0183903
0.0194456
0.0196864
0.0183504
0.0178151
0.0202254
0.0186335
0.0181513
0.0181204
0.0178887
0.017961
0.0171141
0.0211403
0.0184574
0.0188455
0.0177689
0.017925
0.0178983
0.018877
0.0174335
0.0202037
0.016606
0.0201369
0.0183132
0.0192438
0.0170838
0.0169339
0.0186123
0.018134
0.016801
0.0158861
0.0191744
0.0175176
0.0175307
0.0159743
8785 -1 0.490446 1 52791
2014 1 0.487899 1 118691
3449 -1 0.490391 1 53915
20279 1 0.488485 15 43559
7212 -1 0.489888 6 121187
519 1 0.489314 1 67625
15687 -1 0.488677 9 117027
-220 -1 0.489602 1 96544
35 -1 0.489249 1 16449
802 1 0.489404 1 2030
-2569 1 0.489695 1 74495
198 1 0.489055 1 22131
114 -1 0.489686 1 10514
39 1 0.489922 1 162202
117 1 0.490851 1 1095
151 -1 0.490738 1 142670
-1033 -1 0.490346 1 1396
6 -1 0.490116 1 112173
393 1 0.48981 1 106444
1098 -1 0.489298 1 103397
11 1 0.490101 1 160857
63 -1 0.489392 1 142884
-5 -1 0.490106 1 152976
45 -1 0.490433 1 77644
-70 1 0.490744 1 77182
-601 -1 0.49073 1 80117
54 1 0.490625 1 100667
-231 1 0.490163 1 86944
-10 -1 0.49009 1 35401
15 1 0.490748 1 108252
7 1 0.490959 1 32378
-211 1 0.489916 1 11484
-39 1 0.490988 1 142660
-4 -1 0.489789 1 159779
-6 -1 0.490415 1 42558
-108 1 0.490216 2 41237
-995 -1 0.490008 1 6921
-248 1 0.491098 3 43
-667 -1 0.490782 1 33442
-688 1 0.490154 1 145098
-4 -1 0.491162 1 160467
-13 1 0.491026 1 161611
8 1 0.489769 1 161462
4459 1 0.48884 7 114084
2755 -1 0.490486 1 61167
0 -1 0.490729 1 158236
-102 -1 0.490806 1 145653
5 1 0.490278 1 150169
-225 1 0.490158 1 91657
-526 -1 0.490826 3 87113
35 -1 0.491093 1 150784
-869 -1 0.489889 1 149803
29 -1 0.490684 1 105740
770 1 0.490925 1 99101
1 1 0.490941 1 162324
700 -1 0.491057 1 92039
685 1 0.49102 1 103139
-112 1 0.491444 1 156160
0 1 0.489431 1 23532
1008 1 0.490772 1 145865
-1091 1 0.490578 1 143865
-235 -1 0.491116 1 15508
-63 1 0.491038 1 15675
-993 -1 0.491052 1 145646
31 1 0.490563 1 157096
-77 1 0.491284 1 97002
0 1 0.4899 1 146466
-336 -1 0.491698 1 143301
612 -1 0.489933 2 122847
-63 -1 0.490844 1 152096
3140 -1 0.490379 6 142736
247 1 0.491459 1 36861
-88 1 0.491534 2 155297
55 1 0.490695 1 102289
0 1 0.490934 1 162280
0 -1 0.4916 1 162046
-108 1 0.492058 1 42033
94 -1 0.490414 1 22819
186 1 0.491242 1 23026
8 1 0.491236 1 148066
712 -1 0.492014 1 23883
