171
0.736342
0.587564
0.555917
0.568243
0.529339
0.523918
0.411472
0.452631
0.397417
0.457368
0.411349
0.438021
0.413395
0.362363
0.444094
0.423079
0.390041
0.41303
0.387209
0.356801
0.367826
0.388316
0.357364
0.338195
0.391612
0.372702
0.347119
0.345975
0.391392
0.354628
0.323106
0.319348
0.301016
0.303949
0.350333
0.337379
0.345683
0.337356
0.403914
0.310791
0.318416
0.320891
0.326615
0.365313
0.330424
0.328022
0.323409
0.334126
0.337506
0.295833
0.307572
0.329803
0.317465
0.330306
0.286947
0.327648
0.328704
0.283894
0.334607
0.311091
0.348819
0.314152
0.315517
0.283734
0.351912
0.351335
0.331139
0.33264
0.307188
0.305212
0.350564
0.325336
0.305874
0.342759
0.34302
0.325945
0.316744
0.302687
0.333696
0.324667
0.338251
0.326516
0.309037
0.316046
0.360127
0.320565
0.30766
0.323069
0.308375
0.314149
0.275646
0.306392
0.349104
0.321606
0.307551
0.314236
0.313407
0.334709
0.287897
0.28379
0.304811
0.31607
0.343215
0.286924
0.282247
0.299609
0.32454
0.326467
0.283547
0.301847
0.284374
0.335298
0.317413
0.317098
0.303449
0.32616
0.341834
0.332382
0.311247
0.316057
0.302409
0.3201
0.306055
0.348677
0.299817
0.313008
0.29533
0.303888
0.314446
0.298868
0.327593
0.308135
0.34629
0.328862
0.319511
0.300363
0.353976
0.362108
0.315793
0.310703
0.352589
0.335041
0.285447
0.303703
0.285429
0.29033
0.290066
0.316293
0.329113
0.298505
0.298604
0.294937
0.30775
0.313949
0.335625
0.326196
0.343451
0.294923
0.285929
0.310629
0.266939
0.262553
0.297064
0.310858
0.301222
0.331386
0.294217
0.325902
0.309801
0.307998
0.287527
96 1 0.186535 1 6088
-153 -1 0.235929 1 141649
-188 -1 0.247529 1 161435
-140 -1 0.242966 1 86853
-22 -1 0.257562 1 25924
-27 -1 0.259641 1 29412
39 1 0.305139 1 86820
-27 -1 0.28797 1 33432
26 1 0.311132 1 95981
-31 -1 0.286032 1 2
-375 -1 0.305191 1 90664
-42 -1 0.293998 1 107425
0 -1 0.304324 1 96385
21 1 0.326353 1 30565
-83 -1 0.291484 1 142068
-115 -1 0.30024 1 4954
4886 1 0.314302 1 117816
-30 -1 0.304479 1 147454
-29 -1 0.315524 1 162299
13 1 0.328803 1 3289
-1 1 0.323956 1 106490
126 1 0.315046 1 72000
-15 -1 0.328555 1 162114
-163 1 0.337067 1 158470
-22 -1 0.313625 1 74244
0 1 0.321823 1 159139
-8 -1 0.333091 1 141601
525 -1 0.333599 2 151220
116 1 0.31372 1 15856
33 1 0.329763 1 107994
49 1 0.343844 1 23010
-41 -1 0.345541 1 142470
28 1 0.353879 1 81920
-3 1 0.352539 1 96124
27 1 0.331664 1 143244
4 1 0.337432 1 144375
-30 -1 0.333729 1 108796
75 1 0.337443 1 107570
390 -1 0.308353 1 76400
43 1 0.349422 1 39352
-46 -1 0.345963 1 42771
3 1 0.344844 1 106450
3339 -1 0.342262 1 114620
-585 1 0.325057 1 154641
-32 -1 0.340549 1 112646
-49 -1 0.341629 1 86973
-1 -1 0.343707 1 552
51 1 0.338888 1 41763
-1 -1 0.337376 1 1728
16 1 0.356253 1 146224
-52 -1 0.350887 1 151535
87 1 0.340828 1 73345
-35 -1 0.346393 1 71352
34 1 0.340602 1 25454
0 -1 0.360339 1 154249
24 1 0.341797 1 73980
2 1 0.341322 1 113998
-22 -1 0.361747 1 160719
-35 1 0.338673 1 153728
2938 1 0.349285 1 119698
3 1 0.332336 1 108116
295 -1 0.347895 1 123784
-6 -1 0.347276 1 162318
-11 -1 0.361821 1 8860
-51 -1 0.330965 1 111072
55 -1 0.331221 1 24484
-145 -1 0.340228 1 105856
14 1 0.339555 1 4487
-7 -1 0.351061 1 600
638 1 0.351963 1 63260
-8 1 0.331562 1 101395
-15 -1 0.342838 1 161732
-5 1 0.35166 1 153225
-5 -1 0.335031 1 141600
0 -1 0.334915 1 98572
-49 -1 0.342564 1 90159
-89 -1 0.34672 1 22791
-48 1 0.353115 1 159819
7 1 0.339081 1 161280
-277 1 0.34314 1 79708
-43 -1 0.337042 1 90951
-12 -1 0.342306 1 71664
6 1 0.35022 1 111443
29 1 0.347036 1 107675
0 1 0.327337 1 33685
-35 -1 0.344991 1 159900
608 1 0.350847 1 71029
-97 -1 0.34386 1 74385
-45 -1 0.350521 1 8862
96 1 0.347897 1 151031
14 1 0.365565 1 146419
11 1 0.351425 1 86790
-189 1 0.33221 1 155646
1992 -1 0.344521 1 118336
212 -1 0.350896 1 156422
128 1 0.347857 1 159287
16 1 0.348234 1 43051
593 1 0.338627 1 93093
12 1 0.359901 1 154154
-36 -1 0.361795 1 24
-102 -1 0.352146 1 11304
-68 -1 0.347025 1 107500
48 1 0.334828 1 18020
-10 -1 0.360349 1 162291
0 -1 0.362508 1 98572
-27 -1 0.354523 1 146736
-348 -1 0.343197 1 86843
46 1 0.342328 1 142644
-30 -1 0.361907 1 154942
9 1 0.353499 1 112092
-110 1 0.361526 1 152699
-77 -1 0.338363 1 110823
-27 -1 0.346417 1 40915
-2 -1 0.34656 1 25920
-2 -1 0.352767 1 143028
-564 1 0.342467 1 155642
3685 1 0.335443 1 117802
299 -1 0.33967 1 158903
105 1 0.349214 1 23630
-515 1 0.347031 1 158130
-83 -1 0.353242 1 141816
-146 1 0.345202 1 23432
106 1 0.351578 1 107565
-33 -1 0.332399 1 31735
-11 -1 0.354428 1 42337
-13 -1 0.348415 1 147219
4 -1 0.356484 1 100784
-2 -1 0.352567 1 162177
2699 -1 0.347762 5 121417
-32 -1 0.354862 1 104612
496 1 0.341822 1 96894
795 1 0.35063 1 70400
3460 1 0.333459 1 116252
13 1 0.341251 1 29677
3 1 0.345468 1 157587
4 -1 0.354178 1 154216
-104 -1 0.330052 1 111942
20 1 0.326465 1 73142
-28 -1 0.347151 1 141624
-57 1 0.349462 1 153456
6466 1 0.330665 1 57972
65 -1 0.338479 1 152633
-62 -1 0.36103 1 159897
-53 -1 0.352651 1 155909
145 1 0.361039 1 12219
-13 1 0.358781 1 150305
32 1 0.358902 1 161833
61 1 0.346924 1 159312
-5 1 0.341138 1 113991
70 1 0.355028 1 146876
1 1 0.354983 1 103196
-15 -1 0.356664 1 112676
19 1 0.350805 1 3384
-4 -1 0.347987 1 29325
8027 -1 0.338217 4 114876
-5 -1 0.342451 1 5299
4139 1 0.334722 2 115707
-43 -1 0.35667 1 89656
-2 -1 0.360808 1 74280
-1 1 0.349495 1 37369
-33 -1 0.369613 1 49
40 -1 0.371659 1 150190
252 1 0.355688 1 74089
645 -1 0.349391 1 70600
-106 -1 0.353785 1 78448
-52 -1 0.340117 2 79014
-34 -1 0.356994 1 105925
-216 1 0.342583 1 159154
-4 -1 0.349872 1 43056
-277 1 0.350693 1 79708
-5 -1 0.360072 1 141600
