161
0.751399
0.586434
0.589239
0.541072
0.5089
0.520626
0.43867
0.433377
0.418153
0.454142
0.399475
0.415158
0.380335
0.423032
0.394011
0.432757
0.313529
0.395563
0.40707
0.398806
0.365279
0.341007
0.335941
0.373603
0.364303
0.364645
0.403068
0.352108
0.355372
0.39919
0.359611
0.358241
0.378686
0.384389
0.351841
0.356702
0.340723
0.354176
0.335032
0.321062
0.320534
0.351757
0.365132
0.318156
0.323413
0.323141
0.333849
0.30477
0.335482
0.319126
0.389616
0.313217
0.308582
0.367862
0.323684
0.344184
0.333899
0.308016
0.322895
0.325711
0.343272
0.345215
0.337857
0.312528
0.30409
0.362551
0.308094
0.351019
0.322252
0.344788
0.297064
0.319603
0.309899
0.297148
0.369932
0.280539
0.301234
0.284938
0.389769
0.320936
0.311732
0.278196
0.293893
0.281245
0.275533
0.305473
0.338524
0.338812
0.357918
0.296593
0.31509
0.337477
0.285329
0.302082
0.317451
0.288889
0.308081
0.297325
0.307107
0.276631
0.293117
0.341774
0.320255
0.299707
0.295973
0.276783
0.363368
0.286152
0.290491
0.359297
0.288267
0.300541
0.283056
0.325128
0.32014
0.290152
0.330662
0.32519
0.323538
0.304008
0.311913
0.309921
0.316776
0.311186
0.329514
0.293956
0.26462
0.327743
0.29976
0.271786
0.272948
0.296974
0.273691
0.292375
0.312041
0.326057
0.308523
0.313931
0.329035
0.33881
0.292582
0.333277
0.294426
0.330798
0.355688
0.331941
0.303928
0.307284
0.26935
0.299262
0.278183
0.332849
0.338397
0.302926
0.362087
0.293192
0.285481
0.301717
0.295416
0.312304
0.340727
102 1 0.182009 1 9287
-159 -1 0.236337 1 86793
-84 -1 0.235326 1 162015
-115 -1 0.253101 1 141649
-12 -1 0.265456 1 28082
-27 -1 0.260909 1 29412
-84 -1 0.293729 1 159262
-67 -1 0.29593 1 90700
-23 -1 0.302313 1 141602
-49 -1 0.287351 1 31749
114 1 0.31025 1 107425
10 1 0.303578 1 161563
24 1 0.318501 1 104076
36 1 0.300259 1 42761
117 1 0.312594 1 36728
-77 -1 0.296188 1 5498
3 1 0.348178 1 76974
-105 -1 0.311927 1 71076
-31 1 0.307009 1 94343
59 1 0.310537 1 73896
38 1 0.325072 1 28726
-17 -1 0.335812 1 162304
-68 -1 0.338076 1 112546
0 1 0.32143 1 143319
-17 -1 0.325501 1 42770
54 -1 0.325351 1 24484
-29 -1 0.308715 1 74196
-32 -1 0.330878 1 150239
14 1 0.329434 1 86790
3 -1 0.310372 1 98572
4998 -1 0.327564 3 119505
-488 1 0.328168 1 154698
3788 1 0.319217 1 117802
-348 -1 0.316744 1 86843
-64 -1 0.330997 1 141672
-116 -1 0.328847 1 1564
-18 -1 0.335939 1 159226
133 1 0.329963 1 22931
-12 -1 0.338482 1 156861
-7 -1 0.344767 1 288
-2 1 0.345005 1 159139
-8 -1 0.331033 1 141600
-84 -1 0.325137 1 90763
10 1 0.34608 1 111198
-264 -1 0.343705 2 144992
-38 -1 0.343828 1 111072
212 -1 0.339013 1 156422
-20 -1 0.352164 1 108844
3 1 0.338281 1 142742
177 1 0.345642 1 107551
0 1 0.314486 1 4487
9 1 0.348319 1 30086
-3 -1 0.350427 1 106170
96 1 0.32394 1 98115
-86 -1 0.343583 1 107360
-11 -1 0.334396 1 86992
77 1 0.33899 1 107505
72 1 0.350684 1 143125
322 -1 0.343939 1 101096
1895 1 0.342669 1 62038
-4 1 0.334802 1 104995
1956 -1 0.333938 1 128773
-24 -1 0.337218 1 40025
-156 -1 0.348633 1 5661
-63 -1 0.352474 1 142068
-83 1 0.32627 1 159220
17042 1 0.350649 1 114700
1 -1 0.331361 1 151953
69 1 0.344229 1 159528
-50 1 0.334127 1 144302
-14 -1 0.355688 1 90699
20 1 0.345426 1 77535
3 1 0.349827 1 27630
-185 -1 0.35565 1 143338
-38 1 0.323034 1 23466
-5 -1 0.363298 1 143328
-118 1 0.353779 1 152513
4875 1 0.361265 1 59461
79 -1 0.31442 1 152577
-119 -1 0.344823 1 111903
-3 1 0.348994 1 113988
-1 -1 0.364382 1 553
-70 -1 0.357143 1 161431
24 1 0.362971 1 161811
23 1 0.365617 1 73321
-108 -1 0.351843 1 9022
299 -1 0.33692 1 158903
127 1 0.336792 1 36728
6 -1 0.328311 1 142898
19 1 0.355904 1 106509
-21 -1 0.34747 1 74256
11 1 0.337388 1 106435
1 1 0.361085 1 153225
-31 -1 0.353392 1 107555
-3 -1 0.3464 1 8528
60 1 0.359444 1 81730
6 1 0.350655 1 159138
4 -1 0.355569 1 100784
-2 -1 0.351098 1 143028
1 1 0.365108 1 144890
6522 -1 0.3575 1 114684
53 -1 0.33547 1 88901
139 1 0.345131 1 23013
174 1 0.354478 1 73329
-124 -1 0.356188 1 74385
3890 1 0.365037 1 136618
-1 1 0.325911 1 106495
260 -1 0.360705 1 59345
6062 1 0.358707 3 115250
-4 -1 0.327703 1 17645
-2 -1 0.35973 1 1728
-11 -1 0.354096 1 42337
-18 1 0.362134 1 147039
58 1 0.342932 1 39174
-7 -1 0.345183 1 89925
3 1 0.358863 1 7748
41 1 0.340442 1 87486
281 -1 0.342904 1 26298
-5 -1 0.343649 1 141600
12 1 0.352512 1 30811
23 1 0.348912 1 29607
-30 -1 0.349817 1 162292
14 1 0.346706 1 81910
-43 1 0.349242 1 153536
-4 -1 0.340958 1 161720
2 1 0.357114 1 31956
232 1 0.370694 1 107105
444 -1 0.341754 1 152051
-7 -1 0.354453 1 108724
-70 -1 0.367357 1 90807
-14 -1 0.366817 1 158958
7 -1 0.35573 1 100
-9 -1 0.366472 1 141612
-7 -1 0.35784 1 25654
-28 -1 0.348854 1 71904
3 -1 0.342513 1 96385
45 1 0.350453 1 43187
-43 -1 0.347995 1 153887
6081 1 0.341173 3 53653
-419 1 0.336793 1 153539
-162 -1 0.357745 1 141611
4 1 0.339269 1 108016
12 -1 0.356898 1 23209
141 1 0.340381 1 2815
9632 1 0.329295 2 118111
46 -1 0.339868 1 162090
8 1 0.352548 1 162152
2767 -1 0.351018 1 117344
28 1 0.36849 1 3288
5 1 0.354681 1 162238
65 1 0.364389 1 6095
-37 -1 0.339461 1 111069
17 1 0.336977 1 73165
-153 -1 0.353006 1 105861
-17 1 0.326475 1 98948
-136 -1 0.357465 1 42066
73 1 0.361015 1 31438
-9 -1 0.353558 1 94296
-9 -1 0.356444 1 26104
-86 -1 0.348734 1 73704
353 -1 0.335937 1 158948
