141
0.767553
0.601103
0.574763
0.581703
0.533853
0.539598
0.407006
0.411323
0.422381
0.477871
0.387637
0.360585
0.403992
0.419316
0.369104
0.444642
0.413844
0.406236
0.39171
0.403082
0.388312
0.374957
0.436274
0.363518
0.427278
0.352605
0.330867
0.383942
0.341018
0.346197
0.347075
0.334478
0.34467
0.332517
0.355083
0.356471
0.326963
0.370675
0.387388
0.322199
0.327266
0.364336
0.319371
0.351633
0.347989
0.340017
0.394667
0.324894
0.355147
0.326298
0.328762
0.317201
0.332593
0.331514
0.306854
0.323107
0.375182
0.362701
0.304603
0.334849
0.328959
0.327797
0.327851
0.345869
0.323506
0.331007
0.339998
0.336526
0.300287
0.306842
0.29288
0.292288
0.367893
0.359522
0.34693
0.326652
0.338455
0.284811
0.306429
0.314993
0.324128
0.304537
0.323032
0.340264
0.323546
0.306514
0.332134
0.328488
0.324951
0.332885
0.337872
0.354683
0.296581
0.29086
0.2827
0.304446
0.322419
0.336554
0.323961
0.311496
0.293391
0.369173
0.291939
0.380896
0.310647
0.310786
0.269953
0.346224
0.314079
0.299515
0.27501
0.331073
0.27955
0.30396
0.29989
0.346311
0.2943
0.307552
0.304341
0.281139
0.337242
0.369646
0.286096
0.318144
0.287229
0.298296
0.29249
0.328162
0.285114
0.320103
0.321116
0.289329
0.296562
0.304102
0.275953
0.280503
0.328667
0.316314
0.318476
0.273411
0.2987
96 1 0.177248 1 6088
-153 -1 0.231083 1 141649
-140 -1 0.240576 1 86853
-198 -1 0.238049 1 161435
-12 -1 0.25584 1 28082
-26 -1 0.253658 1 29412
30 1 0.307036 1 143076
9 1 0.305202 1 104989
10921 1 0.300533 3 114979
-176 -1 0.277732 1 27702
33 1 0.315339 1 161833
2 1 0.327135 1 33684
-33 -1 0.30832 1 108796
-49 -1 0.301823 1 93192
-66 -1 0.323396 1 71136
5 -1 0.291258 1 98579
-4 -1 0.304134 1 141600
-20 -1 0.307364 1 11934
-17 -1 0.313583 1 144913
49 1 0.308709 1 98114
15 1 0.315048 1 3384
2 1 0.32084 1 30682
-40 -1 0.294725 1 107425
106 1 0.325845 1 107565
-18 -1 0.298478 1 1539
-26 -1 0.330658 1 162293
144 1 0.34035 1 12221
-31 -1 0.316937 1 153887
-12 -1 0.335807 1 92355
-22 -1 0.333501 1 146746
3 1 0.33311 1 157636
-27 -1 0.338731 1 111969
7 -1 0.33418 1 144518
36 -1 0.33961 1 150190
-64 -1 0.329562 1 73824
-355 1 0.328949 1 151064
-43 -1 0.342105 1 42771
206 -1 0.322709 1 156422
3013 -1 0.315447 2 119318
-18 -1 0.344253 1 49
60 1 0.341969 1 73896
-14 -1 0.325486 1 31774
16 1 0.345531 1 101159
-64 -1 0.331088 1 71160
-547 1 0.332705 1 155579
3632 1 0.336254 1 117900
141 -1 0.312312 1 159589
126 1 0.343037 1 12976
-11 -1 0.329534 1 2116
-8 -1 0.342405 1 141601
46 1 0.341296 1 161811
3146 -1 0.346513 3 118300
0 -1 0.339576 1 100686
18 1 0.34006 1 30814
29 1 0.351214 1 107675
-163 1 0.343843 1 158470
-153 -1 0.320742 1 105926
109 1 0.326205 1 2815
4062 1 0.35224 2 60859
50 1 0.338565 1 15255
-6 -1 0.341208 1 162318
67 1 0.34173 1 73177
-22 -1 0.341706 1 74256
-26 -1 0.333646 1 150237
-50 -1 0.343663 1 112540
-9 1 0.340287 1 101395
15 1 0.336262 1 86790
-7 -1 0.337814 1 33033
30 1 0.354212 1 159057
3 1 0.351219 1 6699
3637 -1 0.357608 3 121437
-34 1 0.357881 1 153728
3270 1 0.323926 1 136495
-348 -1 0.327603 1 86843
-57 -1 0.333175 1 86770
-16 1 0.342245 1 154202
75 1 0.336951 1 143125
-11 -1 0.361324 1 70812
13 1 0.351408 1 29677
15 -1 0.347514 1 23199
61 1 0.343382 1 107500
27 1 0.352271 1 42760
7 1 0.343877 1 103434
-71 -1 0.336143 1 160629
11 -1 0.343645 1 98684
100 1 0.351369 1 72192
-65 1 0.339781 1 83096
14 1 0.341419 1 112095
-42 -1 0.343012 1 90700
-25 -1 0.339445 1 105995
-137 1 0.337212 1 159762
-119 -1 0.329739 1 20302
0 1 0.35591 1 112941
12 1 0.358537 1 43186
-17 -1 0.362299 1 42770
-4 -1 0.352312 1 94632
-81 -1 0.344154 1 142068
5 -1 0.337801 1 96256
3 1 0.343458 1 145792
-6 -1 0.349101 1 159357
-6 -1 0.357373 1 141600
-399 1 0.323366 1 153379
3731 1 0.358041 1 117802
20 -1 0.318257 1 27829
-51 -1 0.349487 1 158261
-1 -1 0.349424 1 154249
-87 1 0.368209 1 11633
195 1 0.333489 1 107100
-1 -1 0.347928 1 1728
-20 -1 0.354566 1 143353
8078 -1 0.36586 5 114708
3 -1 0.340258 1 98572
1106 1 0.363756 2 24286
-122 1 0.352534 1 150772
826 1 0.354394 1 65531
77 -1 0.33345 1 150952
-73 -1 0.356956 1 20292
-14 -1 0.350896 1 154658
8 1 0.35236 1 43050
4 1 0.363021 1 7748
133 1 0.337494 1 30108
-107 1 0.323159 1 25697
-20 -1 0.360731 1 1
0 1 0.346086 1 113994
122 1 0.360209 1 76512
-32 -1 0.355124 1 40957
152 1 0.357787 1 94695
-34 -1 0.341566 1 162114
2 1 0.361184 1 144374
-41 -1 0.3452 1 162298
19 1 0.344742 1 29606
-8 -1 0.359242 1 92211
12 1 0.355918 1 86870
-87 1 0.352469 1 152377
-19 -1 0.365422 1 161352
-11 -1 0.363315 1 108728
-96 1 0.341339 1 158535
130 1 0.346915 1 18592
-8 1 0.345936 1 110401
-23 -1 0.366602 1 360
-45 -1 0.354939 1 142284
