151
0.758819
0.59672
0.57683
0.578624
0.536513
0.52375
0.414961
0.437513
0.383823
0.387405
0.427895
0.446914
0.400645
0.388784
0.386037
0.419097
0.365281
0.372071
0.450711
0.342809
0.449132
0.380445
0.368893
0.389098
0.374484
0.348156
0.334032
0.349955
0.390567
0.374417
0.380665
0.342489
0.397318
0.354803
0.334552
0.325164
0.369959
0.379612
0.371417
0.333817
0.320621
0.338565
0.321052
0.310516
0.299496
0.379222
0.41098
0.326896
0.345314
0.305645
0.307318
0.363211
0.341413
0.336423
0.365156
0.316088
0.332214
0.349368
0.326001
0.335475
0.318903
0.345297
0.286675
0.29187
0.292196
0.315398
0.298203
0.330336
0.298504
0.307797
0.33378
0.330772
0.289514
0.328601
0.35846
0.330585
0.324297
0.316101
0.334252
0.290184
0.292096
0.352752
0.329433
0.346382
0.308209
0.315652
0.30424
0.309903
0.319361
0.289542
0.281784
0.337941
0.303339
0.350072
0.311975
0.34531
0.315498
0.322182
0.294484
0.276618
0.304517
0.297638
0.304243
0.323082
0.316907
0.307319
0.318722
0.270898
0.277999
0.297379
0.340511
0.316493
0.35395
0.300881
0.341287
0.300678
0.31162
0.304713
0.26834
0.279121
0.295748
0.324043
0.293501
0.301354
0.307264
0.317573
0.279721
0.270502
0.32192
0.275439
0.284829
0.287717
0.288216
0.294627
0.333718
0.293577
0.298786
0.337182
0.298784
0.304616
0.301434
0.339276
0.298475
0.327151
0.268406
0.270287
0.315754
0.336823
0.310274
0.281652
0.296555
93 1 0.17981 1 9286
-146 -1 0.232644 1 141649
-419 -1 0.239821 1 86813
-186 -1 0.239168 1 161435
-12 -1 0.254828 1 28082
-56 -1 0.259705 1 25141
43 1 0.303662 1 143076
-27 -1 0.294209 1 33432
-3 -1 0.316988 1 0
64 1 0.315439 1 161813
252 1 0.29822 1 100751
-38 -1 0.29032 1 107425
-13 -1 0.309749 1 96385
-16 -1 0.314844 1 93440
-67 -1 0.316031 1 71136
-74 -1 0.301915 1 1756
-26 -1 0.325071 1 162293
11771 1 0.322099 2 117404
16 1 0.288759 1 30565
59 1 0.335009 1 41044
-11 -1 0.289407 1 14861
62 1 0.318453 1 73177
9 1 0.323489 1 31959
106 1 0.314709 1 107565
13 1 0.321046 1 99298
-8 -1 0.33263 1 87990
-48 1 0.33893 1 159819
46 1 0.331832 1 86670
-388 1 0.314076 1 150975
-80 -1 0.321075 1 142068
-33 -1 0.318358 1 74393
-30 -1 0.335151 1 147454
-8 -1 0.311174 1 141600
-1 -1 0.329686 1 33033
15 1 0.338697 1 3384
3 1 0.342916 1 157636
2541 -1 0.323022 3 119450
-17 -1 0.318815 1 42770
-1 1 0.322385 1 106495
-30 -1 0.339027 1 143353
-6 -1 0.344966 1 162318
-23 -1 0.336902 1 161706
14 1 0.344771 1 29678
-161 -1 0.349547 1 158573
250 -1 0.354574 1 156482
-84 -1 0.318984 1 73560
3 -1 0.305348 1 98572
116 1 0.342136 1 110874
-2 -1 0.333893 1 89916
76 1 0.351765 1 143125
-20 1 0.351002 1 142906
107 1 0.32598 1 15856
-103 1 0.335631 1 25697
3636 1 0.33786 1 117900
-2 -1 0.325126 1 25654
87 1 0.347017 1 20527
90 1 0.339746 1 15102
1192 -1 0.332093 1 114908
-24 -1 0.342538 1 142471
52 1 0.338284 1 107625
-574 1 0.345743 1 155642
2 1 0.333901 1 113609
8 1 0.360464 1 43050
-523 -1 0.358073 1 12830
-42 -1 0.357922 1 90960
-15 -1 0.34733 1 25537
122 1 0.355166 1 76512
-24 -1 0.340589 1 40025
14 1 0.355029 1 161851
-67 -1 0.350784 1 70884
22 -1 0.339043 1 160240
-7 -1 0.340393 1 141601
-55 1 0.359157 1 157775
10348 1 0.341369 1 115636
3 1 0.328072 1 6194
30 1 0.340477 1 159057
-55 -1 0.343307 1 151535
-26 -1 0.347011 1 160936
1414 -1 0.338832 1 44858
0 -1 0.358848 1 153625
-68 -1 0.357968 1 74028
-24 -1 0.330593 1 86973
638 1 0.340994 1 63260
-34 1 0.333419 1 159279
-110 -1 0.350596 1 5813
-9 -1 0.347215 1 48
2 1 0.352406 1 31956
53 1 0.349826 1 86690
-1 1 0.345535 1 113984
1667 -1 0.359143 3 123610
-18 -1 0.362722 1 86800
-14 -1 0.337181 1 8376
873 1 0.352817 1 65487
-59 1 0.331781 1 153600
-166 -1 0.348883 1 105931
-23 -1 0.333895 1 93480
-2321 1 0.347285 1 72727
117 1 0.344261 1 107495
13 1 0.356872 1 107152
-41 -1 0.365114 1 141660
-13 -1 0.35228 1 113313
-69 -1 0.355425 1 111000
154 -1 0.352405 1 161863
-6 -1 0.343855 1 108888
4 1 0.346646 1 144375
8 1 0.351002 1 147686
87 1 0.345825 1 2756
1 1 0.36777 1 156204
2 1 0.364474 1 151968
6248 1 0.355544 1 59463
111 -1 0.336033 1 28290
165 1 0.346834 1 35289
-41 -1 0.330063 1 152735
-5 -1 0.353941 1 41761
3 1 0.335687 1 98114
29 1 0.354034 1 143244
-10 1 0.349045 1 13849
14 -1 0.35219 1 23199
32 1 0.36896 1 162199
147 1 0.363955 1 27561
-100 1 0.356292 1 150197
14 1 0.343421 1 86790
109 1 0.357323 1 2815
-29 -1 0.353724 1 106000
7 -1 0.351027 1 96400
-68 -1 0.346344 1 158306
365 1 0.363677 1 97029
85 1 0.367954 1 107440
220 -1 0.344379 1 101102
-15 -1 0.365661 1 161732
0 1 0.361316 1 6722
-4 -1 0.359984 1 141600
-51 -1 0.359754 1 113052
78 -1 0.356806 1 152633
-66 -1 0.339071 1 141936
4 -1 0.357288 1 157291
3258 1 0.354899 1 136612
540 -1 0.33752 1 152059
-223 -1 0.3549 1 21092
-680 1 0.352235 1 149669
-41 -1 0.353688 1 112038
-3 -1 0.336585 1 149360
-7 -1 0.355042 1 3456
-4 1 0.342021 1 112939
10 1 0.368929 1 143197
-14 -1 0.368054 1 92364
133 1 0.347168 1 30108
0 -1 0.337681 1 98915
-43 -1 0.349657 1 624
37 1 0.362783 1 28726
608 1 0.355921 1 24586
