31
0.825536
0.640116
0.627949
0.577686
0.556804
0.505607
0.449251
0.455474
0.462033
0.430238
0.37465
0.40139
0.397705
0.424887
0.374272
0.412498
0.365304
0.38208
0.407329
0.35335
0.364397
0.414546
0.379191
0.352327
0.381593
0.35381
0.365021
0.345791
0.355839
0.37217
0.342539
93 1 0.160964 1 9286
-274 -1 0.217511 1 86803
-171 -1 0.221681 1 141649
-82 -1 0.239509 1 161735
-7 -1 0.247199 1 28081
-76 -1 0.266742 1 20293
-23 -1 0.289359 1 33432
7023 1 0.286806 2 115371
1 1 0.28413 1 103196
-12 -1 0.29724 1 162313
-18 -1 0.320974 1 143330
-13 -1 0.309431 1 96385
-41 -1 0.311008 1 107425
27 1 0.29948 1 95981
43 1 0.321139 1 143076
-77 -1 0.304704 1 5138
2 1 0.325061 1 33684
55 1 0.317744 1 86680
16 1 0.306899 1 30565
-43 -1 0.330328 1 90762
-102 -1 0.32546 1 70884
-151 1 0.303837 1 159155
-47 -1 0.318998 1 153887
-16 -1 0.330781 1 141612
-137 -1 0.317955 1 86963
49 1 0.330125 1 41763
4 1 0.325186 1 43197
-13 -1 0.333681 1 39060
-36 -1 0.329228 1 108676
136 1 0.322056 1 73201
5 1 0.335129 1 142742
