61
0.877221
0.676471
0.632037
0.603284
0.560822
0.523484
0.426806
0.482883
0.431919
0.382184
0.464508
0.458733
0.418739
0.37976
0.433064
0.39466
0.44254
0.413155
0.472053
0.377787
0.385807
0.349811
0.361315
0.378078
0.369569
0.389874
0.447395
0.360828
0.394637
0.359099
0.328948
0.368309
0.33423
0.332259
0.350757
0.332709
0.355075
0.369159
0.361151
0.355304
0.341372
0.334549
0.334481
0.403885
0.326679
0.313793
0.373775
0.33235
0.30287
0.322416
0.308974
0.31558
0.297067
0.330871
0.332676
0.318876
0.315817
0.309863
0.312121
0.360298
0.338061
93 1 0.147488 1 9286
-274 -1 0.20539 1 86803
-114 -1 0.220273 1 141649
-186 -1 0.230309 1 161435
-12 -1 0.245707 1 28082
-8 -1 0.259808 1 31331
12 1 0.298676 1 104989
-40 -1 0.275725 1 107425
31 1 0.296538 1 161811
-20 -1 0.317699 1 31774
10086 1 0.283124 1 114971
-145 -1 0.285474 1 1565
-31 -1 0.302066 1 162299
42 1 0.31875 1 143076
3 -1 0.296061 1 98572
14 1 0.312315 1 86790
-128 1 0.292126 1 94454
111 1 0.304426 1 30107
38 1 0.280072 1 28726
-27 -1 0.319608 1 25
-39 -1 0.31613 1 148892
7 1 0.331896 1 3338
2159 -1 0.326814 2 119443
4 1 0.319482 1 43197
4 1 0.323193 1 31959
-78 -1 0.314374 1 142068
-513 -1 0.290122 1 87929
-7 -1 0.327029 1 31252
-15 -1 0.312325 1 141612
5 1 0.32779 1 159097
-114 1 0.341213 1 159154
-47 -1 0.323744 1 70896
28 1 0.338842 1 73333
-389 -1 0.339725 1 15715
-14 -1 0.331477 1 87217
-49 -1 0.339524 1 151535
-43 -1 0.329566 1 42771
-352 1 0.323372 1 153734
-58 -1 0.326886 1 73824
71 1 0.329465 1 104769
-2 -1 0.335649 1 143028
4 1 0.338699 1 113381
134 1 0.338729 1 107500
-552 1 0.308366 1 150974
-14 -1 0.342233 1 159226
-348 -1 0.348058 1 86843
-19 -1 0.321355 1 161712
2 1 0.339685 1 33336
2536 -1 0.353031 1 116276
1 1 0.344155 1 156183
39 1 0.350248 1 81930
-7 -1 0.347248 1 162314
0 -1 0.355687 1 100693
-275 1 0.340349 1 79708
106 1 0.339538 1 71964
0 1 0.345755 1 4487
6 1 0.34714 1 3432
2 1 0.349844 1 159139
159 1 0.348817 1 15857
19 -1 0.327262 1 24481
6248 1 0.337127 1 59463
