51
0.905509
0.680112
0.654243
0.59417
0.545817
0.557032
0.426314
0.484796
0.441032
0.41407
0.379793
0.402636
0.424611
0.376283
0.400859
0.391361
0.426757
0.393824
0.393497
0.400629
0.369874
0.359574
0.351453
0.382175
0.364755
0.329265
0.395757
0.325417
0.395436
0.321827
0.366494
0.380713
0.377534
0.349315
0.365779
0.349455
0.389073
0.343595
0.338414
0.326818
0.324924
0.34418
0.33515
0.339011
0.324128
0.329144
0.370761
0.304657
0.319234
0.310772
0.338142
83 1 0.140515 1 6088
-147 -1 0.204204 1 141649
-140 -1 0.21274 1 86853
-186 -1 0.233556 1 161435
-12 -1 0.251311 1 28082
-26 -1 0.247114 1 29412
-27 -1 0.298882 1 33432
8892 1 0.274962 1 115259
0 1 0.29275 1 99296
64 1 0.304039 1 161813
27 1 0.318736 1 143124
-170 -1 0.308899 1 82134
-23 -1 0.299596 1 107420
-11 -1 0.320262 1 32940
-7 -1 0.309658 1 288
56 1 0.313733 1 97995
-49 -1 0.298696 1 71676
5 -1 0.312674 1 98579
1648 -1 0.312815 1 123610
250 1 0.309756 1 35472
-66 -1 0.323059 1 1756
-33 -1 0.32758 1 108796
-15 -1 0.331168 1 14862
38 1 0.317702 1 3288
-8 -1 0.325302 1 162318
-7 -1 0.34107 1 141600
-60 1 0.311844 1 23680
-40 -1 0.342802 1 73920
3 1 0.311981 1 159139
-54 -1 0.344421 1 91689
138 1 0.324539 1 30108
-298 1 0.318337 1 151063
66 1 0.319718 1 107570
8 1 0.332116 1 152978
-46 -1 0.324853 1 42771
-163 1 0.332054 1 159154
116 1 0.31472 1 110874
2 1 0.334658 1 76853
2 1 0.33697 1 113609
48 1 0.342171 1 18020
1873 -1 0.343024 1 121275
3 1 0.334398 1 144375
-2 -1 0.33843 1 143028
-17 -1 0.336703 1 162142
-55 -1 0.343383 1 384
-22 -1 0.341124 1 143329
9 -1 0.322672 1 98684
-34 -1 0.352216 1 71352
0 -1 0.345593 1 154713
-52 -1 0.34943 1 151535
-35 -1 0.337091 1 159900
