101
0.80936
0.640528
0.611867
0.590816
0.537167
0.544671
0.403828
0.450229
0.407566
0.419237
0.476488
0.432878
0.417158
0.394706
0.398679
0.433206
0.375425
0.354774
0.417432
0.339351
0.409323
0.361544
0.332806
0.339038
0.343652
0.375399
0.361743
0.354477
0.370096
0.339986
0.349101
0.403008
0.408718
0.332543
0.392778
0.339801
0.345579
0.320293
0.395365
0.402708
0.316557
0.400083
0.325618
0.374311
0.365292
0.310388
0.344639
0.361691
0.324631
0.345296
0.338021
0.345234
0.323458
0.312296
0.407465
0.327201
0.346588
0.339675
0.31436
0.328559
0.331862
0.37618
0.361478
0.325278
0.380857
0.312661
0.310358
0.313366
0.307524
0.314725
0.34472
0.319585
0.313226
0.307394
0.302454
0.324135
0.338477
0.312313
0.286408
0.30184
0.323704
0.302148
0.339916
0.307418
0.283832
0.303264
0.281806
0.289111
0.349721
0.326894
0.337298
0.3085
0.278942
0.286421
0.384931
0.291748
0.32871
0.341407
0.294604
0.363177
0.29236
93 1 0.165381 1 6088
-147 -1 0.217371 1 141649
-140 -1 0.22728 1 86853
-186 -1 0.234759 1 161435
-12 -1 0.25458 1 28082
-26 -1 0.251742 1 29412
43 1 0.30839 1 143076
17 1 0.288956 1 99297
31 1 0.306798 1 161811
14519 1 0.301856 2 114851
1 1 0.278287 1 33684
-36 -1 0.296138 1 107425
-28 -1 0.302733 1 90898
-7 -1 0.312295 1 288
-176 -1 0.310591 1 27702
2058 -1 0.296001 1 123616
-9 -1 0.320636 1 147298
-63 -1 0.329699 1 71160
-13 -1 0.302618 1 29325
11 1 0.336551 1 86790
-367 -1 0.306051 1 86843
-74 -1 0.326713 1 112546
-13 -1 0.33948 1 162314
10 1 0.336691 1 144374
7 1 0.334633 1 159138
64 1 0.320648 1 107630
15 1 0.326626 1 17893
-9 -1 0.32983 1 159357
34 1 0.322962 1 104999
53 1 0.336267 1 3144
2 1 0.332211 1 32508
146 1 0.30874 1 3477
3 -1 0.306308 1 98572
3731 1 0.339598 1 117802
-1 -1 0.313124 1 1728
1 1 0.33635 1 112939
-57 -1 0.333776 1 89961
-114 1 0.345114 1 159119
-121 -1 0.312012 1 141696
-49 -1 0.308868 1 151535
-5 -1 0.346805 1 141600
79 -1 0.30999 1 26460
-185 -1 0.342711 1 141611
78 -1 0.321122 1 152633
-44 -1 0.325067 1 42771
10 1 0.349605 1 106440
17 1 0.334194 1 74064
-565 1 0.326648 2 151065
21 1 0.343156 1 112095
439 -1 0.333901 1 153468
-10 -1 0.337145 1 142130
326 -1 0.333929 1 130716
6 1 0.343685 1 31579
130 1 0.348738 1 107500
-95 1 0.306841 1 23881
-37 -1 0.341998 1 74196
-101 1 0.333327 1 25746
-21 -1 0.336406 1 111969
-3 -1 0.347801 1 162177
18 1 0.341387 1 3384
123 1 0.339904 1 98115
-31 -1 0.320307 1 108796
-5 -1 0.326742 1 11932
6274 1 0.342864 2 60680
-34 1 0.318274 1 153728
50 1 0.348572 1 157782
-139 -1 0.349619 1 80840
-229 -1 0.348252 1 21092
-11 -1 0.350909 1 25925
93 1 0.347635 1 18592
19 -1 0.334158 1 24481
-7 -1 0.345434 1 3456
778 -1 0.348316 1 90733
-26 -1 0.350968 1 146746
-502 1 0.353222 1 153379
5588 1 0.343379 1 59462
-121 1 0.336941 1 94453
-6 -1 0.34873 1 154073
4 1 0.360587 1 43197
-27 -1 0.353502 1 160656
-4 -1 0.343574 1 93432
-18 -1 0.353361 1 84900
11 1 0.336299 1 152844
-8 -1 0.350957 1 156918
9 1 0.361776 1 108024
-44 -1 0.352852 1 141660
7 1 0.362712 1 152154
-26 -1 0.359342 1 105925
-2 1 0.331936 1 106495
75 1 0.342136 1 158516
-1 -1 0.337469 1 33033
-27 -1 0.350464 1 162299
63 1 0.364037 1 18022
35 1 0.360581 1 41761
-45 -1 0.316509 1 74372
55 1 0.358129 1 73317
1875 1 0.34132 1 62038
247 -1 0.335633 1 156596
-173 -1 0.356816 1 105931
-2 -1 0.325995 1 98495
6 1 0.357847 1 150673
