191
0.722839
0.579205
0.548533
0.556455
0.522361
0.497744
0.413197
0.438424
0.389981
0.425081
0.412308
0.371345
0.44691
0.360756
0.376369
0.356599
0.43856
0.362795
0.374292
0.405101
0.37964
0.336499
0.355685
0.435317
0.345285
0.389088
0.384177
0.365406
0.332958
0.341158
0.335789
0.387562
0.326658
0.34972
0.368865
0.335324
0.371425
0.407839
0.323929
0.430186
0.357491
0.311716
0.331471
0.353396
0.32738
0.331812
0.307133
0.313474
0.290555
0.334042
0.347794
0.304093
0.350359
0.30415
0.349775
0.347396
0.362991
0.297336
0.340088
0.332431
0.332101
0.33081
0.337697
0.311103
0.306876
0.298784
0.27782
0.303933
0.33269
0.297042
0.284969
0.279133
0.301039
0.313765
0.365157
0.334308
0.318339
0.322805
0.302052
0.311078
0.315987
0.298483
0.30145
0.320054
0.304602
0.310759
0.363589
0.306263
0.270267
0.288462
0.321116
0.309454
0.32263
0.28182
0.349923
0.358538
0.31075
0.294352
0.325184
0.328911
0.288558
0.285085
0.353057
0.304329
0.310955
0.324786
0.299656
0.285033
0.293392
0.309072
0.279135
0.310446
0.320324
0.33877
0.331081
0.333893
0.292386
0.335726
0.351776
0.31327
0.350668
0.311134
0.317668
0.290253
0.313835
0.301023
0.294137
0.283367
0.303957
0.291551
0.325268
0.360877
0.27843
0.328903
0.31686
0.303388
0.307549
0.328779
0.314428
0.30243
0.33879
0.306522
0.339517
0.285006
0.306103
0.303579
0.28912
0.301199
0.350156
0.323435
0.291945
0.272518
0.290078
0.303661
0.312929
0.284012
0.312007
0.309383
0.307042
0.287948
0.267009
0.333967
0.287611
0.286883
0.288397
0.273911
0.312831
0.276992
0.283434
0.318657
0.347529
0.285108
0.321695
0.350735
0.276717
0.280847
0.337003
0.276618
0.31601
0.2828
0.284355
0.303203
0.302768
0.286062
0.282737
0.310696
0.310943
0.332872
0.287495
0.316642
0.290143
96 1 0.190668 1 6088
-153 -1 0.238956 1 141649
-188 -1 0.25029 1 161435
-191 -1 0.247329 1 89522
-22 -1 0.26024 1 25924
-27 -1 0.26983 1 29412
-22 -1 0.304408 1 141602
-20 -1 0.293831 1 31735
11049 1 0.314328 4 115275
8 1 0.299399 1 104989
65 1 0.304785 1 161813
-40 -1 0.322416 1 107425
-40 -1 0.290322 1 90898
35 1 0.32706 1 143076
12 1 0.320225 1 30086
106 1 0.328893 1 107565
46 1 0.293775 1 21618
2034 -1 0.326163 1 123508
3 -1 0.32113 1 98572
-13 -1 0.307847 1 108892
12 1 0.318803 1 17893
4 1 0.337826 1 43197
-69 -1 0.329296 1 71148
18 1 0.295122 1 99053
28 1 0.333906 1 73333
94 1 0.314713 1 21182
-115 -1 0.316835 1 4954
-16 -1 0.325017 1 162304
-55 -1 0.339412 1 112572
3 1 0.335745 1 159139
15 1 0.338144 1 86790
-30 -1 0.315372 1 147454
-5 -1 0.342243 1 24
-35 -1 0.331936 1 86740
0 1 0.323501 1 143319
-121 -1 0.338352 1 74381
-8 -1 0.322381 1 141600
23 1 0.306682 1 20641
-7 -1 0.343473 1 31252
-51 -1 0.297261 1 71676
-7 -1 0.328499 1 1320
-48 1 0.349001 1 159819
6248 1 0.340079 1 59463
-7 -1 0.330308 1 155951
-162 1 0.341918 1 158399
-24 -1 0.339926 1 90699
5 1 0.351087 1 159097
33 1 0.348203 1 161184
13 1 0.358677 1 153002
-68 -1 0.338926 1 160629
-3 -1 0.332791 1 96616
-69 -1 0.352473 1 111000
-1 1 0.331653 1 21930
0 1 0.352447 1 113991
111 1 0.331912 1 30107
78 -1 0.332968 1 152633
205 1 0.326077 1 75093
261 -1 0.355564 1 158184
-24 -1 0.336222 1 74088
-348 -1 0.339648 1 86843
1896 1 0.339796 1 62038
157 1 0.340376 2 73175
0 -1 0.33729 1 100686
-52 -1 0.34928 1 22907
46 1 0.351204 1 23011
0 1 0.3549 1 96115
-22 -1 0.364557 1 154941
-29 -1 0.352546 1 106000
-15 -1 0.339532 1 1925
-25 -1 0.355698 1 3502
-62 -1 0.361251 1 90969
1206 -1 0.363949 1 119894
0 1 0.353868 1 153306
4120 1 0.348071 1 114581
-761 1 0.325126 1 154635
-44 -1 0.338807 1 107560
7 -1 0.345998 1 98670
62 1 0.34398 1 107630
-3 -1 0.353406 1 162177
-36 -1 0.349291 1 159900
14 1 0.347063 1 30565
-16 -1 0.355038 1 141612
-44 1 0.353681 1 151937
21 1 0.345222 1 112095
-56 -1 0.352241 1 17655
-76 -1 0.349436 1 142068
-3 1 0.325814 1 104995
76 1 0.351483 1 143125
-15 -1 0.368063 1 161732
46 -1 0.359641 1 162090
8078 -1 0.344742 5 114708
15 1 0.35003 1 3384
-12 -1 0.344058 1 92355
-295 1 0.362705 1 154577
13339 1 0.331847 1 115412
215 -1 0.328037 1 156422
-31 -1 0.34944 1 42773
41 1 0.356932 1 90869
-104 -1 0.342906 1 111942
113 -1 0.341229 1 99296
-2 -1 0.359596 1 143028
102 -1 0.361197 1 145975
256 1 0.330458 1 106121
-277 1 0.352365 1 156542
-70 -1 0.349347 1 73932
18 -1 0.343086 1 146458
-2 -1 0.354501 1 30096
-523 -1 0.361221 1 12830
-41 -1 0.357373 1 86993
-21 -1 0.350204 1 25537
-44 -1 0.363948 1 141660
-4 -1 0.349578 1 93432
-5 -1 0.3451 1 141600
-45 1 0.336811 1 153536
-50 -1 0.340254 1 41043
5 1 0.338993 1 29676
51 -1 0.357835 1 141750
132 1 0.338172 2 41763
130 -1 0.331025 1 28572
4368 1 0.348296 1 117809
-197 1 0.331516 1 82966
-18 -1 0.349266 1 162315
2299 -1 0.346301 1 125308
205 1 0.358816 1 70377
254 1 0.348039 1 72072
0 1 0.353876 1 33685
77 1 0.357031 1 81740
-49 -1 0.361991 1 151535
2 1 0.352535 1 112939
-125 -1 0.358219 1 93064
-106 -1 0.342869 1 105926
1 -1 0.327007 1 96361
1591 -1 0.364274 1 114581
-333 1 0.341233 1 159040
24 1 0.346667 1 112095
-10 -1 0.352795 1 142130
-1 -1 0.350897 1 1728
-8 -1 0.341288 1 3456
87 1 0.34777 1 2756
-41 -1 0.353233 1 161421
27 -1 0.336802 1 25653
15 1 0.351365 1 86870
8 1 0.336477 1 157587
155 1 0.361234 1 107375
10 1 0.351556 1 111198
126 1 0.352708 1 24038
12 1 0.359338 1 43050
6112 -1 0.353795 4 118979
5 -1 0.331743 1 96472
2 1 0.343695 1 145792
-6 -1 0.358038 1 25521
54 1 0.367017 1 73177
-24 -1 0.358897 1 11933
-724 -1 0.352671 2 71355
6 -1 0.34845 1 142898
-70 -1 0.361693 1 110715
19 -1 0.348869 1 24481
50 1 0.350062 1 157782
127 1 0.351128 1 143247
-8 1 0.359877 1 109202
53 1 0.36958 1 41043
-712 1 0.338959 1 15227
-8 -1 0.360033 1 141601
-96 -1 0.360368 1 161997
-1 -1 0.359671 1 25920
1 1 0.36637 1 156204
35 1 0.348495 1 106115
-3 -1 0.364941 1 154587
-119 1 0.36196 1 158399
65 1 0.345854 1 108896
138 -1 0.332909 1 159545
7 1 0.361187 1 158419
873 1 0.344481 1 65487
247 -1 0.331486 1 156482
-4 -1 0.365068 1 70824
450 -1 0.363156 1 119018
4 1 0.337601 1 108016
142 1 0.365114 1 42784
21 1 0.347053 1 73142
-90 -1 0.362253 1 86861
-690 1 0.361535 1 149581
73 1 0.35288 1 86610
3 1 0.353078 1 104990
-39 -1 0.360747 1 143614
4 1 0.362282 1 12435
-34 -1 0.349465 1 112646
-117 -1 0.349353 1 77541
37 1 0.33945 1 20522
-130 -1 0.360086 1 2462
924 -1 0.346766 1 2819
13 1 0.358867 1 162197
