61
0.012151
0.0125835
0.0119084
0.0122943
0.0111487
0.0119473
0.0112512
0.0112764
0.0114579
0.0116855
0.0119119
0.0105561
0.0103724
0.0107369
0.0111797
0.0104321
0.011493
0.0104439
0.00939859
0.0100828
0.0105045
0.00973001
0.0112979
0.0117831
0.00941004
0.0101355
0.0089964
0.0105049
0.00981244
0.00936193
0.00994413
0.0104475
0.0102161
0.00883552
0.00984635
0.00952016
0.0092788
0.00952914
0.00983348
0.00966293
0.00927421
0.00869255
0.00859156
0.00974257
0.0103595
0.00876944
0.00998989
0.00874858
0.00824858
0.00852182
0.00863127
0.00910075
0.00950381
0.0098656
0.00959169
0.00869442
0.00838357
0.00906221
0.00875174
0.00915047
0.0101714
608 -1 0.493925 1 64536
669 1 0.493709 1 120356
284 -1 0.494046 3 9475
-11 -1 0.493853 1 40506
-54 1 0.494426 1 161639
-54 -1 0.494027 1 5365
-1174 1 0.494375 1 9495
49 1 0.494362 1 108946
-900 1 0.494271 1 3645
132 1 0.494158 2 157433
112 -1 0.494044 5 148160
-1046 -1 0.494722 6 7431
-12 1 0.494814 1 153127
34 -1 0.494632 1 12562
18 1 0.49441 1 80659
945 -1 0.494784 1 97119
95 1 0.494254 1 104142
-165 1 0.494778 1 37549
-278 1 0.495301 1 154135
21 1 0.494959 1 36609
20 -1 0.494748 1 154079
-626 -1 0.495135 8 155348
131 -1 0.494351 1 155155
45 1 0.494109 1 156184
8 1 0.495295 1 103350
0 1 0.494932 1 112768
-81 1 0.495502 1 161297
9 -1 0.494748 1 102918
88 1 0.495094 1 101044
-394 1 0.495319 1 11809
-72 -1 0.495028 1 161332
302 -1 0.494776 1 155022
57 1 0.494892 1 152924
42 1 0.495582 1 107811
825 1 0.495077 2 156419
122 -1 0.49524 3 159033
1063 -1 0.495361 2 63829
5 1 0.495236 1 80968
321 1 0.495083 1 39775
2 1 0.495169 1 111136
-25 1 0.495363 1 144561
139 -1 0.495654 1 142958
40 1 0.495704 1 155075
10407 1 0.495129 15 56833
938 -1 0.49482 3 108515
-101 -1 0.495615 1 37804
81 -1 0.495005 1 162262
72 -1 0.495626 1 157783
-11 1 0.495876 1 147899
87 1 0.495739 1 92378
42 -1 0.495684 1 94692
-361 -1 0.49545 1 85601
-251 1 0.495248 1 85871
25 1 0.495067 2 36571
35 -1 0.495204 1 148876
-94 1 0.495653 1 156214
48 -1 0.495808 1 150004
266 1 0.495469 2 16534
57 -1 0.495624 1 28844
9 1 0.495425 2 72404
39 1 0.494914 1 38390
