191
0.797456
0.616852
0.608889
0.553095
0.516959
0.528606
0.442279
0.44655
0.431747
0.522808
0.409452
0.432781
0.395156
0.386569
0.425408
0.404534
0.391615
0.375607
0.455465
0.367418
0.39608
0.348247
0.339034
0.350772
0.386841
0.379124
0.349729
0.364236
0.366777
0.434206
0.333055
0.423644
0.329788
0.410972
0.35764
0.356098
0.364767
0.342322
0.312289
0.321149
0.333122
0.316115
0.328409
0.398965
0.344689
0.339323
0.343877
0.333449
0.300307
0.352242
0.378859
0.348859
0.324922
0.302108
0.392432
0.361623
0.38027
0.307988
0.337349
0.308535
0.312049
0.318742
0.338755
0.3422
0.319384
0.331612
0.309422
0.35303
0.322129
0.286289
0.291613
0.354634
0.309527
0.332496
0.331971
0.295837
0.351343
0.342152
0.315207
0.290657
0.291925
0.315684
0.287461
0.327771
0.334235
0.301884
0.322913
0.306756
0.325349
0.325766
0.277721
0.280954
0.347507
0.279218
0.305058
0.280817
0.32806
0.289884
0.278774
0.303538
0.315801
0.367008
0.306962
0.326371
0.356974
0.319728
0.353398
0.283844
0.297464
0.307037
0.29872
0.288017
0.285042
0.316321
0.336969
0.315755
0.269275
0.28664
0.332262
0.346671
0.310911
0.299575
0.295907
0.324644
0.298761
0.265813
0.336633
0.354568
0.338641
0.280804
0.324318
0.308032
0.362685
0.33947
0.296569
0.306551
0.272097
0.276238
0.280248
0.296913
0.295662
0.288636
0.295409
0.326783
0.303692
0.307273
0.331488
0.283661
0.31982
0.272962
0.305517
0.332105
0.279705
0.326118
0.300721
0.287182
0.296633
0.302609
0.335157
0.292739
0.309126
0.298138
0.303835
0.311222
0.315851
0.321756
0.308032
0.314398
0.320258
0.318119
0.31482
0.323284
0.292116
0.274987
0.273032
0.336846
0.307865
0.297449
0.287715
0.275504
0.315652
0.298672
0.33589
0.308506
0.3052
0.299478
0.305367
0.289448
0.305666
0.308764
0.316489
102 1 0.168694 1 9287
-159 -1 0.225534 1 86793
-84 -1 0.228328 1 162015
-115 -1 0.248582 1 141649
-12 -1 0.262325 1 28082
-27 -1 0.257843 1 29412
-82 -1 0.292234 1 159262
-43 -1 0.290471 1 90700
9649 1 0.29661 2 115395
-7 -1 0.260068 1 33492
-8 -1 0.305996 1 3456
26 1 0.296178 1 95981
19 1 0.312102 1 161563
-23 -1 0.315801 1 29317
-59 -1 0.299262 1 73944
10 1 0.308089 1 3288
-37 -1 0.313624 1 147453
59 1 0.320557 1 73896
-245 -1 0.28681 1 86893
36 1 0.324134 1 42761
2499 -1 0.311705 1 125427
-39 -1 0.33259 1 1538
-45 -1 0.336693 1 42771
375 -1 0.33147 1 154430
53 1 0.315683 1 41043
-3 1 0.319027 1 158420
78 1 0.331932 1 107505
2 1 0.32553 1 113749
-38 -1 0.324415 1 107425
5 -1 0.295585 1 98586
17 1 0.339368 1 86790
2 1 0.300002 1 30682
-67 -1 0.340835 1 70884
-438 1 0.305351 1 154753
-4 -1 0.328433 1 141600
168 1 0.329114 2 96638
-66 -1 0.325297 1 112598
2 1 0.335226 1 33684
133 1 0.348741 1 12221
-28 -1 0.344727 1 162293
-51 -1 0.339338 1 151535
-20 -1 0.347005 1 143341
-147 -1 0.341455 1 105856
-38 -1 0.310468 1 93352
-244 -1 0.334172 1 149441
51 1 0.336563 1 73177
-326 -1 0.334533 1 41926
34 1 0.339192 1 104999
20 1 0.354203 1 6196
133 1 0.330819 1 31979
19 -1 0.319142 1 24481
165 1 0.332318 1 20530
-24 -1 0.343025 1 39004
-26 -1 0.35338 1 84920
-2 1 0.313272 1 106495
3588 1 0.326678 1 136615
46 -1 0.318529 1 162090
-45 -1 0.350697 1 111072
-15 -1 0.337445 1 14862
10 1 0.350448 1 111198
38 1 0.34885 1 157812
-22 1 0.345816 1 7746
105 1 0.336817 1 107565
-503 1 0.33528 1 151292
-63 -1 0.345525 1 39174
-295 1 0.340016 1 79708
0 1 0.350044 1 143319
-29 -1 0.33047 1 74196
0 -1 0.344284 1 96473
-16 -1 0.360642 1 48
-43 -1 0.358191 1 142284
-123 -1 0.329761 1 82304
-24 -1 0.349996 1 31774
-41 -1 0.339619 1 160689
-28 -1 0.339855 1 150239
2 1 0.356251 1 29686
412 1 0.331217 1 133492
-43 1 0.335302 1 153536
-27 -1 0.347417 1 111969
-80 1 0.35863 1 143237
9 1 0.358047 1 112092
12 1 0.3472 1 43186
30 1 0.360102 1 143244
78 -1 0.341742 1 152633
62 1 0.33884 1 107630
16 1 0.353482 1 28851
-4 -1 0.343931 1 112458
62 1 0.351258 1 86600
207 -1 0.342832 1 24499
-15 -1 0.342644 1 107476
-6 -1 0.364603 1 162318
659 -1 0.363106 1 119147
2 -1 0.332918 1 96360
22 1 0.36391 1 20521
-53 -1 0.352033 1 149954
-110 -1 0.36317 1 5813
8 1 0.341612 1 106415
423 1 0.358986 1 73046
-10 -1 0.364115 1 141601
26 1 0.352726 1 39422
6336 -1 0.347147 4 114852
-1 1 0.324314 1 108116
2 1 0.351165 1 43199
-165 -1 0.342372 1 141611
312 -1 0.328727 1 158948
-92 -1 0.34537 1 141672
-139 1 0.330307 1 158470
21 1 0.36177 1 161208
358 -1 0.355505 2 160203
-58 -1 0.35113 1 110874
-33 -1 0.35493 1 154943
1 -1 0.359845 1 158746
19 1 0.361217 1 106509
-153 -1 0.346912 1 105926
-17 1 0.337616 1 25777
223 1 0.347168 1 143174
-11 -1 0.368525 1 92355
13 1 0.36048 1 29677
11453 1 0.339724 4 117754
44 -1 0.33329 1 144850
13 1 0.349367 1 161978
-68 -1 0.354538 1 384
-117 -1 0.356219 1 74381
2731 -1 0.34315 1 117344
-5 -1 0.354911 1 290
78 1 0.370138 1 86620
-40 1 0.337766 1 153728
-42 -1 0.32979 1 86810
-592 1 0.336868 1 158130
7080 1 0.363175 1 57973
799 -1 0.343297 1 147015
-310 1 0.350677 1 152316
1898 1 0.326211 1 62038
132 -1 0.336498 1 60750
466 1 0.355915 1 70378
33 1 0.351352 1 104820
6 1 0.367213 1 150673
36 1 0.36529 1 27633
-228 -1 0.363433 1 21092
204 -1 0.355757 1 147332
43 1 0.356331 1 143124
-819 1 0.359561 1 15331
-3029 -1 0.356447 1 14039
19 1 0.342186 1 17895
4 1 0.352656 1 106496
-5 -1 0.351023 1 141600
2 1 0.340071 1 31956
-105 -1 0.361855 1 141684
4 1 0.345328 1 12435
158 -1 0.366811 1 93852
4368 1 0.351823 1 117809
0 1 0.339794 1 159139
139 1 0.363684 1 36728
15 -1 0.342486 1 94089
-35 -1 0.354014 1 159900
6 -1 0.360231 1 39962
22 1 0.355886 1 107675
2 1 0.353151 1 30681
18 1 0.338427 1 3384
-506 -1 0.357673 1 75800
-112 1 0.350179 1 73160
120 1 0.355196 1 80450
-522 1 0.352591 3 156598
-13 -1 0.349226 1 75170
-56 -1 0.347125 1 14869
448 1 0.344453 2 24719
-2 -1 0.350677 1 143028
-4 -1 0.347784 1 94632
-109 -1 0.34513 1 105926
0 -1 0.346097 1 98572
-1 1 0.347592 1 154993
44 1 0.343763 1 162209
-16 -1 0.357959 1 312
-50 -1 0.365871 1 151535
-99 -1 0.366778 1 111942
-95 -1 0.33767 1 77683
143 1 0.350753 1 111552
8 1 0.355512 1 157587
25 1 0.359985 1 13441
0 -1 0.365631 1 41487
166 1 0.347215 1 27468
185 1 0.354952 1 96805
8027 -1 0.338098 4 114876
20 -1 0.350462 1 98685
-9 -1 0.351968 1 162314
4 1 0.354583 1 157866
0 -1 0.351892 1 155259
72 1 0.359187 1 143125
19 1 0.351755 1 77602
-15 -1 0.350344 1 77316
-8 1 0.346835 1 101395
