161
0.806543
0.625305
0.618541
0.588765
0.541914
0.547402
0.397325
0.486668
0.437462
0.410174
0.420058
0.387167
0.440983
0.392147
0.44757
0.373795
0.389433
0.403632
0.375106
0.397912
0.364
0.382307
0.365079
0.371824
0.385587
0.340604
0.341276
0.369396
0.364069
0.361563
0.342401
0.369983
0.399074
0.352333
0.395476
0.321176
0.347453
0.362719
0.375681
0.360968
0.347503
0.372928
0.37234
0.354549
0.336352
0.308375
0.340329
0.344835
0.288294
0.353427
0.355846
0.32369
0.349907
0.331505
0.295474
0.309817
0.329596
0.335368
0.303433
0.355408
0.359177
0.316135
0.310299
0.323168
0.320778
0.327374
0.321671
0.355963
0.321104
0.312698
0.344573
0.337136
0.324994
0.350756
0.299291
0.320179
0.359472
0.307983
0.361945
0.313374
0.32107
0.339399
0.329488
0.328475
0.347949
0.320167
0.302466
0.294067
0.312484
0.333726
0.332848
0.312328
0.307233
0.297326
0.324613
0.301629
0.316897
0.333153
0.318762
0.333428
0.309793
0.329551
0.34134
0.326282
0.299254
0.311687
0.294956
0.321124
0.360286
0.309024
0.293386
0.275682
0.310218
0.328479
0.299037
0.321469
0.283735
0.272747
0.309542
0.298993
0.347027
0.288157
0.30854
0.343715
0.30821
0.317722
0.350046
0.342908
0.311059
0.294284
0.357511
0.317119
0.35143
0.287647
0.299644
0.285036
0.284034
0.307087
0.265439
0.312261
0.307147
0.310687
0.314568
0.325897
0.281329
0.293363
0.314124
0.356773
0.297754
0.279355
0.289585
0.30316
0.288393
0.33301
0.328084
0.278164
0.331952
0.317336
0.318112
0.281414
0.282835
93 1 0.166161 1 9286
-146 -1 0.222595 1 141649
-140 -1 0.224944 1 86853
-186 -1 0.235497 1 161435
-12 -1 0.252782 1 28082
-56 -1 0.250715 1 25141
-27 -1 0.311171 1 33432
10086 1 0.274216 1 114971
0 1 0.294231 1 99296
-23 -1 0.30569 1 107420
25 1 0.301511 1 161811
-145 -1 0.315542 1 1565
14 1 0.292771 1 86790
5 1 0.313395 1 30085
1711 -1 0.29005 1 123610
1 -1 0.321347 1 96481
-65 -1 0.314564 1 71136
18 1 0.308474 1 73177
-3 -1 0.320775 1 141600
-32 -1 0.310919 1 145966
-117 -1 0.325634 1 74381
-45 -1 0.317646 1 25
5 1 0.32516 1 159097
78 1 0.322207 1 107505
266 1 0.316225 1 28456
-11 -1 0.335992 1 162318
-46 -1 0.335692 1 90789
-147 -1 0.323268 1 105856
-22 1 0.325603 1 96869
41 1 0.326705 1 3288
-179 1 0.33519 1 151064
70 1 0.323012 1 146876
-193 1 0.310422 1 157696
111 1 0.330779 1 30107
69 1 0.311964 1 104993
-33 -1 0.344715 1 153887
-45 -1 0.332943 1 42771
-42 -1 0.326197 1 90700
7187 -1 0.320525 7 114524
-7 -1 0.326967 1 31252
43 1 0.33292 1 143124
19 -1 0.321725 1 24481
5382 1 0.321982 1 116923
-1 -1 0.329798 1 1728
-81 -1 0.337892 1 141626
86 1 0.350521 1 23034
3 1 0.336114 1 161580
13 1 0.334107 1 112095
-284 1 0.359718 1 158844
-116 -1 0.330294 1 111666
-442 -1 0.329225 1 86783
-82 -1 0.34358 1 73836
78 -1 0.331853 1 152633
33 1 0.340064 1 20522
-1026 -1 0.356417 1 37203
0 1 0.349864 1 154153
64 1 0.340921 1 107630
27 1 0.338332 1 26748
55 1 0.352774 1 73908
7 -1 0.329419 1 96488
-25 -1 0.327755 1 108792
5 1 0.346996 1 144375
-8 -1 0.349645 1 141601
2 1 0.343816 1 112939
-4 -1 0.344895 1 9936
87 1 0.341921 1 98115
-76 -1 0.344491 1 142068
-1 -1 0.329173 1 5299
-56 -1 0.344747 1 112572
389 -1 0.348555 1 153214
-26 -1 0.334223 1 162299
-1 -1 0.337541 1 100868
5856 1 0.342992 1 116212
36 -1 0.331477 1 160164
14 1 0.354668 1 29678
-94 -1 0.345166 1 158486
-130 1 0.327626 1 25697
3386 1 0.3507 1 60858
-379 1 0.326537 1 155643
-49 -1 0.348248 1 90159
-270 1 0.344763 1 79708
109 1 0.33653 1 71964
535 -1 0.34097 1 88348
79 1 0.341425 1 107620
0 1 0.332722 1 106950
50 1 0.345171 1 157788
9 1 0.353216 1 104706
-55 -1 0.357063 1 40181
-179 1 0.348652 1 157345
-190 -1 0.339068 1 141611
-48 1 0.339461 1 153600
18 1 0.348723 1 3384
15 1 0.351041 1 43190
-8 -1 0.355568 1 150657
-96 -1 0.343164 1 9021
-7 -1 0.353599 1 25654
-49 -1 0.346651 1 111072
79 -1 0.339325 1 152577
127 1 0.345806 1 110961
-29 -1 0.339201 1 89693
15 1 0.349875 1 76864
-11 -1 0.340941 1 74172
-12 -1 0.335663 1 156861
-30 -1 0.342412 1 40910
-19 -1 0.354685 1 141636
14 1 0.349015 1 106445
16 1 0.356655 1 25347
-25 -1 0.344739 1 72144
4 1 0.327267 1 12435
17 1 0.350225 1 161851
93 1 0.357376 1 151337
-27 -1 0.365548 1 92212
54 1 0.349682 1 86820
52 -1 0.341423 1 153384
-21 -1 0.354784 1 86740
-12 -1 0.344583 1 142971
-68 -1 0.361821 1 384
120 -1 0.36691 1 59280
85 1 0.34999 1 107365
2 1 0.354804 1 30682
-43 -1 0.333132 1 42771
-10 1 0.359781 1 145400
-6 -1 0.350446 1 141600
-151 1 0.334605 1 152313
7931 -1 0.350596 3 114876
9 -1 0.346277 1 98684
6055 1 0.331792 3 115250
0 1 0.334965 1 113994
5 1 0.3493 1 155147
-15 -1 0.356964 1 11933
-66 -1 0.32849 1 141936
-105 1 0.34655 1 159219
132 1 0.331178 1 111612
-28 -1 0.360016 1 144935
-15 -1 0.354507 1 161892
-42 -1 0.36122 1 112659
-1 -1 0.361683 1 25920
-7 -1 0.351108 1 141601
12 1 0.370312 1 157872
-11 1 0.348753 1 156211
71 1 0.35108 1 74149
-173 1 0.349469 1 85966
53 1 0.347706 1 146133
855 -1 0.342586 1 81978
-2 -1 0.362933 1 151392
-52 -1 0.357387 1 29216
7555 1 0.347908 1 119615
138 1 0.328816 1 95551
2505 -1 0.355372 1 118342
205 1 0.363846 1 70377
-70 -1 0.359123 1 107435
3 1 0.352899 1 101153
7 1 0.359673 1 29676
2516 1 0.339389 1 64502
-11 1 0.341601 1 104995
129 1 0.364398 1 23014
3 1 0.339863 1 159139
103 1 0.346452 1 15856
0 1 0.346101 1 143307
-7 -1 0.362893 1 162314
-55 -1 0.362237 1 151535
