111
0.839775
0.642026
0.624216
0.579526
0.553532
0.503585
0.441038
0.44953
0.418525
0.424205
0.394606
0.431269
0.374679
0.40719
0.438641
0.386379
0.385198
0.3977
0.394447
0.349155
0.377358
0.346943
0.359434
0.398502
0.38973
0.364948
0.338018
0.403045
0.382739
0.365861
0.375763
0.388471
0.357066
0.34289
0.343424
0.378005
0.380147
0.343451
0.380503
0.374271
0.327828
0.376062
0.322942
0.324711
0.352497
0.360912
0.346798
0.374337
0.349805
0.317549
0.366161
0.31101
0.312701
0.318493
0.312808
0.346499
0.359481
0.333461
0.314117
0.290662
0.305464
0.312102
0.368162
0.338726
0.312357
0.297646
0.328646
0.307165
0.341634
0.343851
0.346177
0.357668
0.344509
0.342552
0.317326
0.322442
0.320607
0.316663
0.335218
0.298386
0.309371
0.359144
0.333491
0.319011
0.299103
0.317665
0.326747
0.384915
0.358346
0.300379
0.322846
0.318189
0.324031
0.313294
0.292818
0.297173
0.347235
0.295731
0.295391
0.322279
0.301964
0.29559
0.313759
0.279693
0.363827
0.334145
0.331598
0.33399
0.294197
0.31543
0.318566
93 1 0.157155 1 9286
-274 -1 0.216861 1 86803
-171 -1 0.222972 1 141649
-82 -1 0.23884 1 161735
-7 -1 0.248419 1 28081
-40 -1 0.267534 1 25140
-27 -1 0.292748 1 33432
14 1 0.289244 1 86790
87 1 0.302157 1 98115
-31 -1 0.299766 1 162299
-22 -1 0.312338 1 2
36 1 0.296809 1 104598
-14 -1 0.320961 1 96385
-40 -1 0.306958 1 107425
-124 -1 0.293741 1 4954
-116 -1 0.315883 1 92896
471 1 0.316393 1 21454
-60 -1 0.311011 1 141672
3 1 0.312406 1 3289
1 1 0.332187 1 112939
-3 -1 0.319795 1 141600
-42 -1 0.333169 1 8862
154 1 0.327642 1 12222
1 1 0.310667 1 103196
2456 -1 0.314436 1 121289
4 1 0.325217 1 43197
79 1 0.337146 1 107510
-45 -1 0.308724 1 142267
-36 -1 0.317458 1 108676
3 -1 0.324817 1 98572
-22 -1 0.320489 1 74244
176 1 0.314979 1 73057
2 1 0.328686 1 31955
-54 -1 0.334972 1 141627
-44 -1 0.334735 1 40031
-69 -1 0.319513 1 110997
-23 -1 0.318582 1 148893
-11 -1 0.334723 1 92355
10438 1 0.318428 2 49142
118 -1 0.321139 1 28136
-84 -1 0.341716 1 142068
142 -1 0.320359 1 161863
12 1 0.343918 1 43186
-12 -1 0.34312 1 156861
6292 1 0.330706 1 60680
-454 1 0.326992 1 153387
-152 -1 0.333234 1 105856
-44 1 0.32111 1 94445
29 1 0.331899 1 143244
-551 1 0.346356 1 155642
106 1 0.324685 1 107565
-8 -1 0.349322 1 48
4 1 0.348554 1 143092
5 1 0.345928 1 162157
108 1 0.348505 1 15856
19 -1 0.333366 1 24481
-44 -1 0.327622 1 42771
-3 1 0.339186 1 13849
19 1 0.347911 1 26880
0 -1 0.358628 1 100868
9 1 0.351848 1 161562
-2 1 0.348826 1 106490
22390 1 0.323809 2 114365
-15 -1 0.33683 1 27250
-8 -1 0.34871 1 162318
-24 -1 0.355421 1 159920
-25 -1 0.341348 1 93352
19 1 0.351072 1 29678
17 1 0.335532 1 74064
-42 1 0.334545 1 153464
105 1 0.33351 1 78008
78 -1 0.328421 1 152633
-4 -1 0.334252 1 74220
0 1 0.335123 1 143319
-134 -1 0.346456 1 25853
-280 1 0.344144 1 79708
15 1 0.344972 1 112095
-32 -1 0.346757 1 112047
5 -1 0.338399 1 98579
-28 -1 0.355083 1 141624
-247 -1 0.350068 1 83864
-23 -1 0.32777 1 72132
-31 -1 0.339173 1 153887
-9 -1 0.345694 1 28083
2339 -1 0.354754 1 117337
139 1 0.346303 1 29619
-1 1 0.342203 1 113991
14507 1 0.316516 2 117292
-2 -1 0.328122 1 5299
-102 -1 0.35417 1 42610
0 1 0.343961 1 159139
190 1 0.346066 1 17905
255 -1 0.343426 1 156482
-2 -1 0.348285 1 143328
-18 -1 0.357637 1 113074
8062 -1 0.355638 2 114540
-339 1 0.333039 1 156482
-26 -1 0.356299 1 146746
21 1 0.356455 1 73473
-5 -1 0.344217 1 146496
4 1 0.353446 1 154145
17 1 0.356364 1 161265
-117 -1 0.348073 1 74381
-1 -1 0.36369 1 1728
1670 1 0.32571 1 65532
-50 1 0.33888 1 23467
50 1 0.340022 1 157782
40 1 0.338949 1 15141
121 1 0.357003 1 80241
406 -1 0.347315 1 156491
-394 -1 0.345895 1 71066
