121
0.82691
0.634191
0.622499
0.575809
0.550974
0.502932
0.445073
0.446959
0.469598
0.418825
0.432504
0.405317
0.429884
0.407354
0.407161
0.380458
0.381693
0.370584
0.395013
0.386473
0.409552
0.367111
0.425582
0.38461
0.402367
0.34706
0.361622
0.338594
0.404421
0.3562
0.399429
0.353756
0.384077
0.397139
0.356515
0.329515
0.326058
0.321324
0.33165
0.326621
0.317823
0.343547
0.333744
0.324395
0.372433
0.391999
0.316494
0.365367
0.322937
0.36009
0.321886
0.347779
0.351761
0.371874
0.334351
0.319234
0.344786
0.314956
0.344401
0.304729
0.337066
0.335124
0.302426
0.322607
0.334123
0.326713
0.326456
0.318549
0.291792
0.28779
0.34341
0.296025
0.310703
0.305303
0.376378
0.333542
0.301555
0.356124
0.307905
0.298084
0.33111
0.368796
0.293683
0.306749
0.319225
0.331679
0.329414
0.297002
0.327233
0.307668
0.342118
0.307403
0.355584
0.289023
0.3025
0.311819
0.28571
0.310975
0.361521
0.291803
0.324641
0.304304
0.310122
0.29515
0.30176
0.2895
0.333398
0.329793
0.31532
0.320888
0.315685
0.318235
0.295392
0.287786
0.340137
0.351055
0.324386
0.315755
0.295454
0.322761
0.300923
93 1 0.160593 1 9286
-274 -1 0.219534 1 86803
-171 -1 0.223567 1 141649
-82 -1 0.240193 1 161735
-7 -1 0.249375 1 28081
-26 -1 0.26779 1 29412
-27 -1 0.29108 1 33432
10926 1 0.290302 3 114979
0 1 0.281063 1 99296
25 1 0.30203 1 161811
-40 -1 0.296294 1 107425
-32 -1 0.307755 1 90898
-22 -1 0.297388 1 2
3187 -1 0.306888 3 123406
2 1 0.30697 1 31955
75 1 0.318447 1 107575
97 1 0.317912 1 24200
43 1 0.322749 1 143076
3 -1 0.312163 1 98572
-14 -1 0.315842 1 108844
16 1 0.305954 1 17894
-16 -1 0.324269 1 141612
-211 1 0.299189 1 94390
94 1 0.316648 1 21182
4 1 0.309014 1 43197
-34 -1 0.333117 1 150239
-28 -1 0.326679 1 162293
-84 -1 0.336889 1 142068
-348 -1 0.308137 1 86843
14574 1 0.329069 1 117545
-136 -1 0.31027 1 1565
139 1 0.330149 1 73201
-48 -1 0.316878 1 73920
78 -1 0.311251 1 152633
-21 -1 0.328929 1 111969
-30 -1 0.340958 1 141627
7 1 0.342513 1 159138
-20 -1 0.344648 1 87819
-27 -1 0.339999 1 29325
18 1 0.342259 1 3384
22 1 0.346231 1 93581
-11 -1 0.33468 1 71628
7 -1 0.33906 1 96488
1 1 0.343262 1 155168
134 1 0.321941 1 110964
-77 1 0.313459 1 159154
132 1 0.346833 1 107500
159 -1 0.325034 1 159545
7787 -1 0.34392 2 114876
-7 -1 0.327353 1 1320
-46 -1 0.344394 1 42771
215 -1 0.332798 1 156422
154 1 0.331032 1 148644
13 1 0.322185 1 86790
166 1 0.338788 1 95383
117 1 0.345593 1 36728
4 -1 0.334128 1 25654
1140 1 0.34753 1 26548
-47 -1 0.3343 1 8862
-2 -1 0.352183 1 151943
3286 1 0.337572 1 136612
-26 -1 0.338441 1 83994
35 1 0.353234 1 157812
4 -1 0.344069 1 100784
-52 -1 0.33889 1 147139
3 1 0.342218 1 113992
11 1 0.342334 1 161544
-33 -1 0.345903 1 48
17 1 0.358108 1 76578
-22 -1 0.35995 1 74256
12 1 0.334741 1 6196
-38 -1 0.356165 1 112654
-55 -1 0.349462 1 151535
-347 1 0.351921 1 153734
-159 -1 0.320221 1 110868
-15 -1 0.33915 1 1925
-15 -1 0.353632 1 86850
7 -1 0.329102 1 144518
-11 -1 0.350735 1 162318
-554 1 0.355221 1 18183
3104 1 0.340241 1 117893
5 1 0.323531 1 32508
231 -1 0.35724 1 120216
14 1 0.351261 1 112095
-104 1 0.345597 1 143720
50 1 0.339986 1 3144
42 1 0.341003 1 157539
-96 -1 0.355716 1 12086
18 -1 0.341984 1 88892
1895 1 0.350843 1 62038
-44 1 0.335316 1 94445
-29 -1 0.350963 1 105995
3 1 0.329341 1 144375
122 1 0.359382 1 18841
-35 -1 0.353201 1 159900
0 -1 0.348954 1 100595
23 1 0.360909 1 23119
-10 -1 0.349338 1 141600
-49 1 0.326723 1 153464
-106 -1 0.358103 1 111942
170 1 0.343151 1 73331
-1 -1 0.352377 1 30252
-2 -1 0.349726 1 143328
61 1 0.356566 1 143246
-6 -1 0.353539 1 151185
-5 -1 0.359163 1 146496
1 -1 0.339215 1 33035
-112 -1 0.340833 1 93056
-58 -1 0.347365 1 105866
-2 -1 0.344845 1 33492
29 1 0.3472 1 107675
1 1 0.346045 1 112184
46 1 0.356455 1 23011
-3 -1 0.359952 1 143028
19 -1 0.3362 1 24481
126 1 0.331345 1 12976
-9 -1 0.343266 1 28083
-130 -1 0.347168 1 5653
-25 -1 0.356426 1 146746
-6 -1 0.343999 1 89925
73 -1 0.353922 1 15351
