40
0.667134
0.542804
0.532212
0.50761
0.439417
0.469702
0.383713
0.462214
0.416938
0.380652
0.395425
0.371775
0.383378
0.372185
0.3568
0.37027
0.411514
0.418556
0.386901
0.374255
0.345013
0.379492
0.39038
0.341977
0.371929
0.359788
0.355738
0.389183
0.324308
0.335602
0.365343
0.390681
0.399202
0.390688
0.332475
0.379633
0.336694
0.30132
0.371327
0.354293
109 1 0.208454 1 9286
-113 -1 0.252446 1 141649
-380 -1 0.256465 1 86803
-188 -1 0.26596 1 161423
-42 -1 0.293419 1 25140
-12 -1 0.281021 1 28082
8 1 0.317036 1 104989
11049 1 0.284056 4 115275
-86 -1 0.302826 1 25511
-5 -1 0.318363 1 146496
-57 -1 0.311986 1 85302
13 1 0.322228 1 43050
2034 -1 0.317181 1 123508
32 1 0.322049 1 161833
4 1 0.328804 1 3385
-4 -1 0.322886 1 141600
3 -1 0.305121 1 98572
-42 -1 0.302144 1 107425
49 1 0.315657 1 98792
59 1 0.321146 1 17896
7 1 0.334027 1 32400
-104 -1 0.318867 1 141684
-47 -1 0.314156 1 5137
-7 -1 0.33538 1 162318
-66 -1 0.322161 1 112598
1 1 0.327486 1 31957
15 1 0.329273 1 86790
2 1 0.314672 1 157636
-31 -1 0.343302 1 48
-34 -1 0.338227 1 150239
106 1 0.325044 1 107565
-574 1 0.314027 1 155642
-153 -1 0.310367 1 105926
-1140 -1 0.314023 1 85283
-22 -1 0.339628 1 72132
9 1 0.318806 1 151836
-28 -1 0.337739 1 29413
-43 -1 0.35374 1 42771
8 1 0.322424 1 97085
109 1 0.329911 1 30107
