51
0.0250683
0.0236394
0.0237007
0.0253323
0.0259369
0.0264082
0.0259892
0.0245226
0.025064
0.0242688
0.025837
0.0238989
0.0228803
0.0260435
0.02551
0.0265344
0.0223814
0.0243544
0.0237777
0.025349
0.0227932
0.0240621
0.0223843
0.0235031
0.0262332
0.0228206
0.0262592
0.0230367
0.0255475
0.024655
0.0213182
0.0242079
0.0236682
0.0242371
0.022595
0.0215892
0.0224075
0.0228009
0.0244525
0.0215341
0.0232153
0.0199609
0.0211818
0.0248546
0.0211056
0.0228134
0.0222521
0.0214079
0.0237829
0.023935
0.0252172
2 1 0.487468 1 152322
-16 1 0.488182 1 155521
-23 1 0.488152 1 142475
-288 -1 0.487337 1 31743
16 1 0.487034 1 15530
42 -1 0.486799 1 148378
27 1 0.487008 1 148278
-6 1 0.487741 1 161680
-18 -1 0.487471 1 161332
1378 -1 0.487868 1 150163
-24 -1 0.487084 1 155469
-2 -1 0.488053 1 156050
104 1 0.488562 1 152915
-126 -1 0.486981 1 157611
127 1 0.487248 1 153606
434 -1 0.486736 3 153215
392 1 0.488811 1 160099
-816 1 0.487825 1 155986
0 1 0.488113 1 43110
212 1 0.487328 1 159023
-250 1 0.488605 1 145641
-177 1 0.487971 1 3284
0 1 0.48881 1 13201
-158 -1 0.488251 1 42427
3 1 0.486886 1 41370
211 -1 0.488592 2 13981
-448 -1 0.486873 1 154061
-24 1 0.488484 1 158081
-237 -1 0.487229 1 96440
-16 1 0.487675 1 99195
-289 -1 0.489343 1 110195
530 1 0.487898 1 101729
-1 -1 0.488168 1 146487
-318 -1 0.487884 4 82927
-47 1 0.488704 1 112834
-2 -1 0.489207 1 154273
-564 1 0.488798 1 39452
-1092 1 0.488602 1 71707
55 1 0.487776 1 102289
16 -1 0.489235 1 156408
7 1 0.488394 1 155813
33 -1 0.490021 1 157735
-33 1 0.489411 1 156450
508 1 0.487575 1 109453
52 1 0.489449 1 154858
-11 -1 0.488595 1 159737
-835 -1 0.488876 4 17411
265 1 0.489298 3 38418
886 -1 0.488111 1 103157
-175 -1 0.488035 1 30719
53 1 0.487394 1 147703
