121
0.78446
0.608346
0.604387
0.552833
0.516513
0.529803
0.439887
0.443122
0.442502
0.522665
0.40855
0.430801
0.396894
0.388075
0.422451
0.392199
0.386261
0.401882
0.436514
0.38509
0.335503
0.347522
0.39342
0.404328
0.359314
0.343205
0.355465
0.336703
0.31829
0.348482
0.392994
0.361415
0.352762
0.314659
0.34412
0.37811
0.393541
0.345335
0.346408
0.385244
0.345515
0.33901
0.319476
0.345398
0.349323
0.307345
0.398188
0.352995
0.359442
0.334746
0.307636
0.33432
0.308268
0.308557
0.326714
0.328464
0.354363
0.386
0.321257
0.332136
0.302945
0.313441
0.342885
0.362913
0.32097
0.335165
0.322744
0.299582
0.35043
0.308492
0.304475
0.366993
0.370406
0.29448
0.303026
0.291989
0.345761
0.309156
0.295845
0.317608
0.310976
0.309558
0.31643
0.294185
0.325537
0.349623
0.311867
0.321903
0.325088
0.299398
0.298933
0.330992
0.293494
0.303818
0.319424
0.297722
0.345193
0.354134
0.294768
0.29436
0.284817
0.273237
0.321267
0.346985
0.293059
0.289402
0.304174
0.311766
0.295402
0.295514
0.318065
0.355175
0.304228
0.287668
0.293495
0.329099
0.306544
0.307712
0.333527
0.32709
0.337567
102 1 0.17237 1 9287
-159 -1 0.228519 1 86793
-84 -1 0.229918 1 162015
-115 -1 0.24868 1 141649
-12 -1 0.262498 1 28082
-27 -1 0.257385 1 29412
-83 -1 0.293225 1 159262
-43 -1 0.291886 1 90700
9649 1 0.292142 2 115395
-7 -1 0.260123 1 33492
-8 -1 0.30638 1 3456
27 1 0.297005 1 95981
19 1 0.311356 1 161563
-23 -1 0.31515 1 29317
35 1 0.300503 1 73980
16 1 0.313373 1 43051
-23 -1 0.315934 1 148893
-59 -1 0.309221 1 73944
-348 -1 0.294625 1 86843
2650 -1 0.31644 4 129178
10 1 0.338272 1 3288
-39 -1 0.332912 1 107425
23 -1 0.312847 1 93753
66 1 0.308177 1 107570
-432 -1 0.327695 1 142291
-14 -1 0.334832 1 71628
5 1 0.329393 1 30682
-17 -1 0.337735 1 162304
4 -1 0.34602 1 100784
-7 -1 0.332486 1 141600
-121 1 0.313031 1 94453
146 1 0.32677 1 12221
-15 -1 0.330588 1 42088
-4 -1 0.347665 1 108780
-403 1 0.334425 1 154809
128 1 0.319468 1 18593
-32 -1 0.312796 1 153887
-29 -1 0.333884 1 48
10 1 0.333407 1 106445
-45 -1 0.316374 1 42771
-61 -1 0.333804 1 90798
20 1 0.336704 1 110367
-56 -1 0.345484 1 86750
138 -1 0.333856 1 148771
149 1 0.332112 1 73201
-1 -1 0.35099 1 1728
14 1 0.310801 1 86790
-98 1 0.330485 1 80006
-41 -1 0.327639 1 71076
0 -1 0.33861 1 96473
-35 -1 0.350857 1 146516
-15 -1 0.338801 1 14862
-41 -1 0.35057 1 112652
-2 -1 0.350438 1 89916
-60 -1 0.342218 1 111000
4 1 0.34143 1 7748
-132 -1 0.329881 1 105856
19 -1 0.316046 1 24481
-5 -1 0.344678 1 141600
10 1 0.339781 1 29677
0 1 0.352997 1 6722
754 -1 0.348218 1 129008
19349 1 0.334975 1 114356
-48 1 0.326111 1 153664
-41 -1 0.344808 1 141660
-8 -1 0.338423 1 92211
16 1 0.344007 1 162218
38 1 0.354535 1 87288
-355 1 0.331622 1 151064
70 1 0.350468 1 110233
-28 -1 0.352299 1 31736
3239 1 0.32432 1 136612
167 1 0.322826 1 97013
71 1 0.356874 1 161187
-77 1 0.35296 1 143237
106 1 0.358018 1 71964
253 -1 0.333694 1 156482
-32 -1 0.350165 1 162286
54 1 0.356247 1 154543
-8 -1 0.346329 1 141601
21 1 0.349337 1 39422
12 1 0.349982 1 23004
-130 -1 0.346862 1 5653
-1 -1 0.357009 1 154249
132 1 0.342747 1 107500
141 1 0.331979 1 2815
1237 -1 0.348933 1 46263
-165 1 0.344387 1 158470
73 1 0.34295 1 111948
7 1 0.354619 1 105451
-21 -1 0.354832 1 74256
-6 -1 0.340294 1 40080
79 1 0.357326 1 77359
20 1 0.352599 1 23120
-21 -1 0.345507 1 87819
267 1 0.355387 1 70380
111 1 0.333947 1 30107
1 1 0.329982 1 158420
-2 -1 0.356741 1 143028
3 1 0.356929 1 106501
-7 -1 0.361321 1 154073
6 -1 0.366683 1 153938
1895 1 0.344674 1 62038
148 -1 0.33315 1 159629
18 1 0.357526 1 144835
-6 -1 0.359208 1 28083
-14 -1 0.352436 1 159226
-299 1 0.348978 1 155585
2541 -1 0.35645 3 119450
-291 -1 0.356399 1 74360
-18 -1 0.346122 1 42336
302 -1 0.329522 1 156356
44 1 0.352412 1 42740
-6 -1 0.360007 1 313
113 1 0.357326 1 12975
0 1 0.341145 1 113999
17 1 0.351355 1 15241
14509 1 0.350823 1 117292
-4 -1 0.339157 1 1924
-66 -1 0.342048 1 141936
5 -1 0.337348 1 98579
