41
0.93237
0.694782
0.642329
0.603673
0.589419
0.555648
0.434744
0.456487
0.543388
0.443617
0.379511
0.396986
0.373286
0.451338
0.38378
0.40005
0.363612
0.388818
0.403247
0.401893
0.394481
0.402832
0.42567
0.379719
0.346097
0.420686
0.401273
0.378002
0.350981
0.357044
0.333374
0.387087
0.320977
0.404184
0.377376
0.328804
0.341671
0.343779
0.357391
0.347863
0.347956
81 1 0.134152 1 9285
-274 -1 0.199477 1 86803
-115 -1 0.216758 1 141649
-124 -1 0.230171 1 162007
-12 -1 0.235261 1 28082
-26 -1 0.247629 1 29412
-82 -1 0.295361 1 159262
-8 -1 0.286391 1 33492
9824 1 0.252226 3 114971
7 1 0.291681 1 95845
-77 -1 0.318859 1 141672
8 1 0.311317 1 32508
-199 -1 0.321568 1 88046
-171 -1 0.288501 1 141611
5 -1 0.317007 1 98579
27 1 0.310004 1 42760
-48 -1 0.325804 1 151535
-40 -1 0.31483 1 107425
-2 -1 0.308638 1 0
215 -1 0.309216 1 156422
129 1 0.312392 1 107445
-145 -1 0.308815 1 1565
-18 -1 0.299152 1 74244
1 1 0.318768 1 112939
55 1 0.333545 1 73908
-230 -1 0.301246 1 86893
138 1 0.309481 1 30108
0 1 0.319515 1 159139
-46 -1 0.331377 1 42771
0 1 0.328696 1 143319
-49 -1 0.339225 1 160626
-183 1 0.315577 1 159154
-7 -1 0.344805 1 1320
-29 -1 0.308239 1 72144
-12 -1 0.319787 1 14862
-33 -1 0.341277 1 48
3744 -1 0.335516 2 121157
0 1 0.334576 1 113994
8 1 0.328543 1 86790
2 1 0.33276 1 31956
-86 -1 0.332719 1 112396
