71
0.861573
0.66639
0.626671
0.601988
0.559452
0.523442
0.418546
0.487201
0.42886
0.384947
0.420822
0.389668
0.421181
0.372043
0.446767
0.422685
0.38869
0.440938
0.403984
0.457061
0.381922
0.391199
0.383044
0.349322
0.333329
0.382813
0.384089
0.340268
0.40766
0.369892
0.38744
0.393378
0.364746
0.35031
0.32221
0.389857
0.34698
0.327142
0.390169
0.402758
0.308413
0.33301
0.383399
0.354811
0.34653
0.315347
0.302481
0.358117
0.31255
0.35893
0.318934
0.344232
0.303807
0.311891
0.322926
0.362683
0.337034
0.310515
0.325616
0.331372
0.370342
0.317967
0.31215
0.325906
0.364367
0.324753
0.314825
0.341258
0.300678
0.325153
0.28372
93 1 0.151466 1 9286
-274 -1 0.2087 1 86803
-114 -1 0.222122 1 141649
-186 -1 0.230769 1 161435
-12 -1 0.246215 1 28082
-8 -1 0.259824 1 31331
12 1 0.302148 1 104989
-40 -1 0.274004 1 107425
31 1 0.297816 1 161811
41 1 0.316502 1 3288
-21 -1 0.301189 1 31774
-116 -1 0.314463 1 92896
-27 -1 0.301037 1 162293
53 1 0.322111 1 98114
-22 -1 0.290381 1 2
-50 -1 0.300405 1 147455
14 1 0.314885 1 86790
5 -1 0.292789 1 98579
-16 -1 0.308324 1 74232
-78 -1 0.286157 1 1756
2294 -1 0.317812 1 121549
-2 -1 0.313803 1 42112
89 1 0.317326 1 34238
-49 -1 0.332113 1 96
-20 -1 0.339246 1 108844
-15 -1 0.317426 1 27250
52 1 0.316874 1 107625
-616 -1 0.336142 1 83784
-53 -1 0.306758 1 71160
74 -1 0.323052 1 152577
96 1 0.315425 1 33706
24 1 0.312866 1 26600
668 1 0.325306 1 71545
31 1 0.331675 1 107994
-5 -1 0.344248 1 141600
-151 1 0.314381 1 159155
-64 -1 0.333153 1 159317
-205 1 0.342025 1 151064
7269 1 0.314247 1 117922
397 -1 0.308847 1 155437
56 1 0.350504 1 17896
-3 -1 0.339389 1 93432
-63 -1 0.317172 1 86750
-521 1 0.329683 1 155648
-367 -1 0.333353 1 5676
-28 -1 0.347353 1 40915
-46 -1 0.353209 1 42771
3 1 0.328223 1 99296
-75 -1 0.348622 1 111003
-1 -1 0.327865 1 98495
4888 -1 0.345728 1 116964
-3 1 0.334375 1 153393
2 1 0.352604 1 43199
29 1 0.348922 1 15124
100 1 0.343925 1 111000
-140 1 0.326213 1 96869
151 1 0.337587 1 72708
-49 -1 0.349547 1 151535
13 1 0.342712 1 112095
-574 1 0.340124 1 155642
-128 -1 0.322854 1 111720
-275 1 0.346166 1 79708
-6 -1 0.348804 1 162318
3224 1 0.342581 1 136495
-17 -1 0.325473 1 92365
-4 -1 0.343101 1 146496
117 -1 0.34759 1 79852
-48 -1 0.3357 1 161686
-26 -1 0.354034 1 148578
105 1 0.34292 1 143077
15 1 0.361828 1 103272
